#Gamma = 1.333333333333333333333333 Rcr = 8. uu1cr = -0.25 rhocr = 0.000421875
#Nx = 512 Rin = 1.9 Rout = 20. R0 = 0 xstart = 0.641853886172394775991036 dx = 0.004597418725354680112195679 istart = -11
# i	myx	myr	rho	uu1	u
-11 0.593580989556170634812981 1.810460059602251204763148 0.00249392196025342145 -0.8257394178438136921 0.0010146082763477550148
-10 0.598178408281525314925177 1.818802665112885750611385 0.002478824912640844684 -0.8231647352342179731 0.001006427258874937093
-9 0.602775827006879995037373 1.827183713375315307308795 0.002463825564795908839 -0.8205959792237860768 0.0009983156153876460944
-8 0.607373245732234675149568 1.835603381533858120391557 0.00244892326706004011 -0.8180331384043928557 0.000990272741337517365
-7 0.611970664457589355261764 1.844061847549113997496418 0.002434117374171829948 -0.8154762013973933368 0.0009822980375414133403
-6 0.61656808318294403537396 1.852559290201725736303878 0.002419407245236985197 -0.8129251568535551858 0.0009743909101332224854
-5 0.621165501908298715486155 1.861095889096157885152878 0.002404792243698484598 -0.8103799934529913418 0.0009665507705160948308
-4 0.625762920633653395598351 1.869671824664492916196004 0.002390271737306940263 -0.8078406999050928222 0.0009587770353151101253
-3 0.630360339359008075710547 1.878287278170244891332231 0.002375845098091162681 -0.8053072649484616947 0.000951069126330374672
-2 0.634957758084362755822742 1.886942431712190701523999 0.002361511702328927887 -0.8027796773508442182 0.0009434264704905429404
-1 0.639555176809717435934938 1.89563746822821896047681 0.002347270930517945367 -0.8002579259090641493 0.0009358484998067600885
0 0.644152595535072116047134 1.904372571499196634032718 0.002333122167347025358 -0.797741999448956215 0.0009283346513270215647
1 0.648750014260426796159329 1.913147926152853487003926 0.002319064801667444133 -0.7952318868252997506 0.0009208843670909459888
2 0.653347432985781476271525 1.92196371766768442954932 0.00230509822646450594 -0.7927275769217525009 0.0009134970940849575545
3 0.657944851711136156383721 1.93082013237686984557507 0.002291221838829300221 -0.7902290586507845849 0.0009061722841978742204
4 0.662542270436490836495917 1.939717357472213986020546 0.002277435039930652778 -0.7877363209536126221 0.0008989093941768980005
5 0.667139689161845516608112 1.94865558100810151027257 0.002263737234987269551 -0.78524935280013402 0.0008917078855840036896
6 0.671737107887200196720308 1.95763499190547225933465 0.002250127833240071679 -0.7827681431888614226 0.0008845672247527224002
7 0.676334526612554876832504 1.966655779955814344763183 0.002236606247924720529 -0.7802926811468573166 0.0008774868827453163154
8 0.680931945337909556944699 1.975718135825175637769717 0.002223171896244331388 -0.7778229557296687972 0.0008704663353103410974
9 0.685529364063264237056895 1.98482225105819374327732 0.002209824199342374526 -0.7753589560212624902 0.0008635050628405924236
10 0.690126782788618917169091 1.993968318082144544109758 0.002196562582275762318 -0.7729006711339596313 0.0008566025503314331536
11 0.694724201513973597281286 2.003156530211009400884726 0.002183386473988121181 -0.7704480902083712997 0.0008497582873394976636
12 0.699321620239328277393482 2.012387081649561093576668 0.002170295307283247018 -0.7680012024133338068 0.000842971767941769915
13 0.703919038964682957505678 2.021660167497468591110855 0.00215728851879874293 -0.7655599969458442379 0.0008362424906950318564
14 0.708516457690037637617873 2.030975983753420735748356 0.002144365548979837939 -0.7631244630309961462 0.0008295699585956787884
15 0.713113876415392317730069 2.040334727319268929421301 0.002131525842053385463 -0.7606945899219153977 0.0008229536790398983525
16 0.717711295140746997842265 2.049736596004188909579493 0.002118768846002040325 -0.7582703668996961674 0.0008163931637842098344
17 0.72230871386610167795446 2.059181788528861702512899 0.002106094012538613052 -0.7558517832733370834 0.0008098879289063605035
18 0.726906132591456358066656 2.068670504529673842519875 0.002093500797080600253 -0.7534388283796775202 0.0008034374947665757398
19 0.731503551316811038178852 2.078202944562936945698206 0.002080988658724889868 -0.7510314915833340387 0.0007970413859691597282
20 0.736100970042165718291047 2.087779310109126727545135 0.002068557060222640066 -0.7486297622766369719 0.0007906991313244435329
21 0.740698388767520398403243 2.097399803577141553963487 0.002056205467954330627 -0.7462336298795671564 0.0007844102638110773873
22 0.745295807492875078515439 2.107064628308580615683912 0.002043933351904985588 -0.7438430838396928075 0.0007781743205386640724
23 0.749893226218229758627634 2.116773988582041816527987 0.002031740185639566004 -0.741458113632106537 0.0007719908427107302752
24 0.75449064494358443873983 2.126528089617439466353621 0.002019625446278531638 -0.7390787087593625121 0.0007658593755880328594
25 0.759088063668939118852026 2.136327137580341869942814 0.002007588614473570413 -0.7367048587514137569 0.0007597794684521969923
26 0.763685482394293798964221 2.146171339586328903512307 0.001995629174383494491 -0.7343365531655495914 0.000753750674569683118
27 0.768282901119648479076417 2.156060903705369670950182 0.001983746613650301811 -0.7319737815863332102 0.000747772551156079779
28 0.772880319845003159188613 2.16599603896622033230582 0.001971940423375401962 -0.7296165336255393978 0.000741844659340719328
29 0.777477738570357839300809 2.175976955360842197487046 0.001960210098096005256 -0.7272647989220923806 0.000735966564131613583
30 0.782075157295712519413004 2.186003863848840178546585 0.001948555135761673878 -0.7249185671420038138 0.00073013783438070653
31 0.7866725760210671995252 2.196076976361921694370277 0.001936975037711033989 -0.7225778279783109019 0.000724358042749441176
32 0.791269994746421879637396 2.206196505808376122011776 0.0019254693086486477 -0.7202425711510146523 0.000718626765674637701
33 0.795867413471776559749591 2.216362666077574889352749 0.001914037456622043782 -0.7179127864070182604 0.000712943583334680082
34 0.800464832197131239861787 2.226575672044492304203861 0.001902678992998906049 -0.7155884635200656251 0.000707308079616008371
35 0.805062250922485919973983 2.236835739574247215400132 0.001891393432444418317 -0.7132695922906799932 0.00070171984207991386
36 0.809659669647840600086178 2.247143085526665601884559 0.001880180292898764853 -0.7109561625461027325 0.000696178461929634377
37 0.814257088373195280198374 2.257497927760864186216238 0.00186903909555478527 -0.7086481641402322312 0.00069068353397774697
38 0.81885450709854996031057 2.267900485139855169383594 0.00185796936483578277 -0.7063455869535629229 0.000685234656613855294
39 0.823451925823904640422765 2.278350977535172184249767 0.001846970628373484716 -0.7040484208931244363 0.000679831431772569008
40 0.828049344549259320534961 2.288849625831517565405666 0.001836042416986154455 -0.7017566558924208679 0.000674473464901772534
41 0.832646763274614000647157 2.299396651931431033656768 0.001825184264656853369 -0.6994702819113701768 0.000669160364931180536
42 0.837244181999968680759352 2.309992278759979893822366 0.001814395708511852114 -0.6971892889362436999 0.000663891744241177532
43 0.841841600725323360871548 2.320636730269470844980657 0.001803676288799190022 -0.6949136669796057866 0.00065866721863193903
44 0.846439019450678040983744 2.331330231444183502749913 0.001793025548867381647 -0.692643406080253552 0.000653486407292831653
45 0.851036438176032721095939 2.342073008305125733654838 0.001782443035144269434 -0.6903784963031567469 0.000648348932772089702
46 0.855633856901387401208135 2.352865287914810902088287 0.001771928297116021526 -0.6881189277393977427 0.000643254420946765641
47 0.860231275626742081320331 2.363707298382057130841641 0.001761480887306273683 -0.6858646905061116317 0.000638202500992952032
48 0.864828694352096761432526 2.374599268866808676642434 0.001751100361255414344 -0.6836157747464264399 0.000633192805356272429
49 0.869426113077451441544722 2.385541429584979522605256 0.001740786277500011839 -0.6813721706294034512 0.000628224969722638807
50 0.874023531802806121656918 2.39653401181331928997153 0.001730538197552382764 -0.6791338683499776426 0.000623298632989273089
51 0.878620950528160801769113 2.407577247894301571985522 0.001720355685880300564 -0.6769008581288982282 0.000618413437235990373
52 0.883218369253515481881309 2.418671371241034793227853 0.001710238309886843349 -0.6746731302126693103 0.000613569027696741494
53 0.887815787978870161993505 2.429816616342195698203885 0.001700185639890379982 -0.6724506748734906389 0.0006087650527314125337
54 0.8924132067042248421057 2.441013218766985573462674 0.001690197249104693498 -0.6702334824091984733 0.0006040011637978789831
55 0.897010625429579522217896 2.452261415170109308002641 0.001680272713619240907 -0.6680215431432065477 0.0005992770154243122086
56 0.901608044154934202330092 2.463561443296777397202885 0.001670411612379548419 -0.6658148474244471447 0.0005945922651817359411
57 0.906205462880288882442288 2.474913541987730996003958 0.001660613527167741203 -0.66361338562731226 0.0005899465736568305279
58 0.910802881605643562554483 2.486317951184290127549117 0.00165087804258320672 -0.6614171481515948743 0.0005853396044249826756
59 0.915400300330998242666679 2.497774911933425153986484 0.001641204746023390713 -0.6592261254224303202 0.0005807710240235784665
60 0.919997719056352922778875 2.509284666392851616624234 0.001631593227664724962 -0.6570403078902377459 0.0005762405019255374339
61 0.92459513778170760289107 2.520847457836148553124846 0.001622043080443685874 -0.6548596860306616746 0.0005717477105130855064
62 0.929192556507062283003266 2.532463530657900399920695 0.001612553900037983023 -0.6526842503445136571 0.0005672923250517646501
63 0.933789975232416963115462 2.544133130378862588531754 0.001603125284847876738 -0.6505139913577140174 0.00056287402366467706
64 0.938387393957771643227657 2.555856503651150944966985 0.001593756835977623856 -0.6483488996212336884 0.000558492487306961767
65 0.942984812683126323339853 2.567633898263455001894084 0.001584448157217050749 -0.6461889657110361377 0.000554147399740501552
66 0.947582231408481003452049 2.57946556314627533376772 0.001575198855023252761 -0.6440341802280193804 0.0005498384475088580723
67 0.952179650133835683564244 2.591351748377185025614107 0.00156600853850241918 -0.6418845337979580792 0.0005455653199124331282
68 0.95677706885919036367644 2.60329270518611538667988 0.001556876819391782872 -0.6397400170714457291 0.0005413277089838540168
69 0.961374487584545043788636 2.615288685960666020665695 0.001547803312041693741 -0.6376006207238369249 0.0005371253094635809344
70 0.965971906309899723900831 2.627339944251439364779753 0.001538787633397815133 -0.6354663354551897115 0.0005329578187757344138
71 0.970569325035254404013027 2.639446734777399810363657 0.001529829402983442371 -0.6333371519902080137 0.0005288249370041407961
72 0.975166743760609084125223 2.651609313431257518362559 0.001520928242881942548 -0.6312130610781841453 0.0005247263668685937573
73 0.979764162485963764237418 2.663827937284877043433516 0.00151208377771931477 -0.6290940534929413951 0.0005206618137013299269
74 0.984361581211318444349614 2.676102864594710881010331 0.0015032956346468700059 -0.6269801200327766886 0.0005166309854237166551
75 0.98895899993667312446181 2.688434354807258052169951 0.0014945634433240297197 -0.6248712515204033241 0.000512633592523150001
76 0.993556418662027804574005 2.700822668564547841674672 0.0014858868359012424803 -0.6227674388028937805 0.0005086693480301610336
77 0.998153837387382484686201 2.713268067709648805096082 0.0014772654470030177222 -0.6206686727516225968 0.000504737967495728553
78 1.002751256112737164798397 2.725770815292203161460724 0.0014686989137110758599 -0.6185749442622093202 0.0005008391689687963584
79 1.007348674838091844910592 2.738331175573986688394068 0.0014601868755476139528 -0.6164862442544615222 0.000496972672973993205
80 1.011946093563446525022788 2.750949414034494237278356 0.001451728974458686124 -0.6144025636723178807 0.0004931382024895536097
81 1.016543512288801205134984 2.763625797376550986481447 0.0014433248547976979456 -0.6123238934837913262 0.0004893354829254376812
82 1.021140931014155885247179 2.776360593531949551257751 0.001434974163309014004 -0.6102502246809122506 0.0004855642421016481697
83 1.025738349739510565359375 2.789154071667113069468891 0.0014266765491116778674 -0.6081815482796717777 0.0004818242102267429427
84 1.030335768464865245471571 2.802006502188784382820744 0.0014184316636832436816 -0.6061178553199650919 0.0004781151198765411156
85 1.034933187190219925583767 2.814918156749741433865083 0.0014102391608437186258 -0.6040591368655348257 0.0004744367059730210768
86 1.039530605915574605695962 2.827889308254538999568134 0.0014020986967396154651 -0.6020053840039145023 0.0004707887057634086677
87 1.044128024640929285808158 2.840920230865276882805051 0.0013940099298281144426 -0.5999565878463720328 0.0004671708587994537889
88 1.048725443366283965920354 2.854011200007394683698485 0.0013859725208613337577 -0.5979127395278532657 0.0004635829069168937247
89 1.053322862091638646032549 2.867162492375493273281276 0.0013779861328707078835 -0.5958738302069255872 0.0004600245942151014896
90 1.057920280816993326144745 2.880374385939183092527639 0.0013700504311514729821 -0.5938398510657215709 0.0004564956670369175184
91 1.062517699542348006256941 2.893647159948959400364238 0.0013621650832472586789 -0.5918107933098826737 0.0004529958739486630351
92 1.067115118267702686369136 2.906981094942104594842124 0.0013543297589347854645 -0.5897866481685029782 0.000449524965720333453
93 1.071712536993057366481332 2.920376472748617732222746 0.0013465441302086669983 -0.5877674068940729785 0.000446082695305970171
94 1.076309955718412046593528 2.933833576497171369306109 0.0013388078712663165901 -0.5857530607624234073 0.0004426688178242091478
95 1.080907374443766726705723 2.947352690621095854906656 0.0013311206584929571435 -0.5837436010726691036 0.0004392830905390046502
96 1.085504793169121406817919 2.960934100864391196962639 0.0013234821704467338488 -0.5817390191471529189 0.0004359252728405265854
97 1.090102211894476086930115 2.974578094287766632347583 0.0013158920878439289184 -0.5797393063313896589 0.0004325951262262298427
98 1.09469963061983076704231 2.988284959274708027037967 0.0013083500935442776617 -0.5777444539940100605 0.0004292924142820940835
99 1.099297049345185447154506 3.002054985537573234879504 0.0013008558725363852028 -0.5757544535267048011 0.0004260169026640324344
100 1.103894468070540127266702 3.015888464123715543785319 0.0012934091119232431473 -0.5737692963441685391 0.0004227683590794675488
101 1.108491886795894807378897 3.029785687421635338793003 0.0012860095009078455117 -0.5717889738840439829 0.0004195465532690735217
102 1.113089305521249487491093 3.043746949167160112003906 0.0012786567307789032297 -0.5698134776068659872 0.0004163512569886821501
103 1.117686724246604167603289 3.057772544449652950027202 0.0012713504948966565598 -0.5678427989960056743 0.0004131822439913520503
104 1.122284142971958847715484 3.071862769718249630153148 0.0012640904886787847181 -0.5658769295576145786 0.0004100392900095991543
105 1.12688156169731352782768 3.086017922788124457084645 0.0012568764095864120682 -0.5639158608205688129 0.0004069221727377871214
106 1.131478980422668207939876 3.100238302846784972663693 0.0012497079571102102023 -0.5619595843364132529 0.0004038306718146762142
107 1.136076399148022888052071 3.11452421046039567163958 0.0012425848327565952561 -0.5600080916793057404 0.0004007645688061292032
108 1.140673817873377568164267 3.128875947580130857138737 0.0012355067400340197981 -0.5580613744459613007 0.0003977236471879728738
109 1.145271236598732248276463 3.143293817548556770112093 0.0012284733844393586459 -0.5561194242555963744 0.0003947076923290137267
110 1.149868655324086928388658 3.157778125106043127654514 0.0012214844734443879606 -0.5541822327498730601 0.0003917164914742064726
111 1.154466074049441608500854 3.172329176397204205712485 0.0012145397164823569789 -0.5522497915928433664 0.0003887498337279739343
112 1.15906349277479628861305 3.186947278977369602320686 0.0012076388249346517429 -0.5503220924708934721 0.0003858075100376769863
113 1.163660911500150968725246 3.201632741819084818135412 0.0012007815121175501974 -0.5483991270926879905 0.0003828893131772331687
114 1.168258330225505648837441 3.216385875318641791663043 0.0011939674932690680231 -0.5464808871891142382 0.0003799950377308826289
115 1.172855748950860328949637 3.231206991302639527214889 0.0011871964855358945825 -0.5445673645132265047 0.0003771244800771000549
116 1.177453167676215009061833 3.24609640303457495425578 0.0011804682079604183577 -0.542658550840190321 0.0003742774383726512771
117 1.182050586401569689174028 3.261054425221464157452767 0.0011737823814678412642 -0.5407544379672267256 0.0003714537125367932268
118 1.186648005126924369286224 3.2760813740204941173722 0.0011671387288533812287 -0.5388550177135565257 0.0003686531042356159514
119 1.19124542385227904939842 3.291177567045705102418357 0.0011605369747695624246 -0.5369602819203445503 0.0003658754168665254
120 1.195842842577633729510615 3.306343323374703853254632 0.001153976845713592558 -0.5350702224506438959 0.0003631204555428657015
121 1.200440261302988409622811 3.321578963555407701599132 0.0011474580700148266111 -0.5331848311893401592 0.0003603880270786796734
122 1.205037680028343089735007 3.336884809612819765940386 0.0011409803778223164412 -0.5313041000430956569 0.0003576779399736063056
123 1.209635098753697769847202 3.352261185055835367375707 0.0011345435010924456497 -0.5294280209402936303 0.0003549900043979139801
124 1.214232517479052449959398 3.367708414884079809434615 0.0011281471735766491302 -0.5275565858309824311 0.0003523240321776681954
125 1.218829936204407130071594 3.383226825594777666412681 0.0011217911308092167155 -0.5256897866868196886 0.0003496798367800325774
126 1.223427354929761810183789 3.398816745189653725407082 0.0011154751100951803428 -0.5238276155010164531 0.0003470572332987019678
127 1.228024773655116490295985 3.41447850318186572791425 0.0011091988504982841628 -0.5219700642882813164 0.0003444560384394663946
128 1.232622192380471170408181 3.430212430602969057522061 0.0011029620928290370222 -0.5201171250847645047 0.0003418760705059047386
129 1.237219611105825850520376 3.446018860009913520904293 0.0010967645796328467514 -0.5182687899480019429 0.0003393171493852069194
130 1.241817029831180530632572 3.461898125492072370003379 0.0010906060551782356953 -0.5164250509568592879 0.0003367790965341234386
131 1.246414448556535210744768 3.477850562678303713968944 0.0010844862654451369272 -0.514585900211475929 0.0003342617349650411253
132 1.251011867281889890856963 3.493876508744044470104226 0.0010784049581132705909 -0.5127513298332089514 0.0003317648892321839399
133 1.255609286007244570969159 3.509976302418437003760233 0.0010723618825505998188 -0.5109213319645770632 0.0003292883854179377057
134 1.260206704732599251081355 3.526150283991488607808397 0.0010663567898018656788 -0.5090958987692044816 0.0003268320511192976429
135 1.26480412345795393119355 3.54239879532126397301661 0.001060389432577200605 -0.5072750224317647761 0.0003243957154344375952
136 1.269401542183308611305746 3.558722179841110801350831 0.0010544595652408197737 -0.505458695157924668 0.0003219792089493998449
137 1.273998960908663291417942 3.575120782566918714924951 0.0010485669437997898853 -0.5036469091742877817 0.0003195823637249044256
138 1.278596379634017971530138 3.591594950104411614025387 0.0010427113258928748225 -0.5018396567283383471 0.0003172050132832768499
139 1.283193798359372651642333 3.60814503065647363834382 0.0010368924707794576524 -0.5000369300883848498 0.0003148469925954931795
140 1.287791217084727331754529 3.624771374030508886261786 0.0010311101393285384494 -0.4982387215435036275 0.0003125081380683413758
141 1.292388635810082011866725 3.641474331645835047744311 0.0010253640940078074154 -0.496445023403482409 0.0003101882875316978768
142 1.29698605453543669197892 3.658254256541111107116609 0.0010196540988727927795 -0.4946558279987637954 0.0003078872802259183591
143 1.301583473260791372091116 3.675111503381799272717972 0.0010139799195560829623 -0.4928711276803886785 0.0003056049567893416487
144 1.306180891986146052203312 3.692046428467661291150403 0.0010083413232566224936 -0.4910909148199395966 0.0003033411592459057581
145 1.310778310711500732315507 3.709059389740289304566312 0.0010027380787290811758 -0.489315181809484023 0.0003010957309928750341
146 1.315375729436855412427703 3.726150746790671410169707 0.0009971699562732959878 -0.4875439210615175867 0.0002988685167886774096
147 1.319973148162210092539899 3.743320860866792081838775 0.0009916367277237852305 -0.4857771250089072214 0.0002966593627408507639
148 1.324570566887564772652094 3.760570094881267614514637 0.0009861381664393344147 -0.4840147861048342408 0.0002944681162940974038
149 1.32916798561291945276429 3.777898813419016752741269 0.0009806740472926533984 -0.4822568968227373384 0.0002922946262184456852
150 1.333765404338274132876486 3.795307382744966665485277 0.0009752441466601042828 -0.4805034496562555078 0.0002901387425975178088
151 1.338362823063628812988681 3.812796170811794430111294 0.00096984824241149958 -0.4787544371191708828 0.0002880003168169028246
152 1.342960241788983493100877 3.830365547267704189139284 0.0009644861138999701679 -0.4770098517453514934 0.0002858792015526338978
153 1.347557660514338173213073 3.848015883464240144164059 0.0009591575419519025537 -0.4752696860886939357 0.0002837752507597688888
154 1.352155079239692853325268 3.865747552464135552074752 0.0009538623088569449652 -0.4735339327230659531 0.0002816883196610733142
155 1.356752497965047533437464 3.883560929049197889472952 0.0009486001983580818001 -0.471802584242248927 0.0002796182647358047624
156 1.36134991669040221354966 3.901456389728230351952681 0.000943370995641775961 -0.4700756332598802723 0.0002775649437085978459
157 1.365947335415756893661855 3.919434312744989855673359 0.0009381744873281786076 -0.4683530724093957378 0.0002755282155384487795
158 1.370544754141111573774051 3.937495078086181709428444 0.0009330104614614058648 -0.4666348943439716065 0.0002735079404077986853
159 1.375142172866466253886247 3.955639067489491126187492 0.0009278787074998820208 -0.464921091736466796 0.000271503979711714729
160 1.379739591591820933998442 3.973866664451651743868056 0.0009227790163067487624 -0.4632116572793648541 0.0002695161960471682032
161 1.384337010317175614110638 3.992178254236551325876062 0.0009177111801403399915 -0.4615065836847158464 0.0002675444532024086832
162 1.388934429042530294222834 4.010574223883374812739141 0.0009126749926447217702 -0.4598058636840781362 0.0002655886161464333825
163 1.393531847767884974335029 4.029054962214784896946893 0.0009076702488402969459 -0.4581094900284600518 0.0002636485510185508495
164 1.398129266493239654447225 4.047620859845140293905108 0.0009026967451144740128 -0.456417455488261439 0.0002617241251180381514
165 1.402726685218594334559421 4.066272309188751882707765 0.000897754279212399766 -0.4547297528532150962 0.0002598152068938907002
166 1.407324103943949014671617 4.08500970446817689123105 0.0008928426502277553098 -0.4530463749323280904 0.0002579216659346638822
167 1.411921522669303694783812 4.103833441722551300857741 0.0008879616585936149836 -0.4513673145538229492 0.0002560433729584056622
168 1.416518941394658374896008 4.12274391881596064694812 0.0008831111060733677727 -0.4496925645650787289 0.0002541801998026793384
169 1.421116360120013055008204 4.14174153544584939198518 0.0008782907957517007726 -0.4480221178325719531 0.0002523320194146756343
170 1.425713778845367735120399 4.16082669315146904913703 0.0008735005320256442819 -0.4463559672418174222 0.0002504987058414133184
171 1.430311197570722415232595 4.17999979532236523479866 0.0008687401205956780966 -0.4446941056973088879 0.0002486801342200275529
172 1.434908616296077095344791 4.19926124720690382949785 0.0008640093684568985865 -0.4430365261224595926 0.0002468761807681451777
173 1.439506035021431775456986 4.21861145592083642737666 0.0008593080838902461349 -0.4413832214595426692 0.0002450867227743461424
174 1.444103453746786455569182 4.23805083045590525529049 0.0008546360764537925249 -0.4397341846696314 0.0002433116385887103114
175 1.448700872472141135681378 4.25757978168848774340068 0.0008499931569740878607 -0.4380894087325393304 0.0002415508076134488655
176 1.453298291197495815793573 4.27719872238828092997494 0.0008453791375375666142 -0.436448886646760236 0.0002398041102936195402
177 1.457895709922850495905769 4.29690806722702588395185 0.0008407938314820123884 -0.4348126114294079395 0.0002380714281079249395
178 1.462493128648205176017965 4.31670823278727232967116 0.0008362370533880809944 -0.4331805761161559751 0.0002363526435595931759
179 1.46709054737355985613016 4.33659963757118365902185 0.0008317086190708814409 -0.4315527737611770969 0.0002346476401673400938
180 1.471687966098914536242356 4.35658270200938251711314 0.0008272083455716144363 -0.4299291974370826299 0.0002329563024564123364
181 1.476285384824269216354552 4.37665784846983714843148 0.0008227360511492680085 -0.4283098402348616593 0.0002312785159497105279
182 1.480882803549623896466747 4.3968255012667886913078 0.000818291555272369848 -0.4266946952638200555 0.0002296141671589918471
183 1.485480222274978576578943 4.41708608666971960938515 0.0008138746786107959852 -0.4250837556515193338 0.0002279631435761512731
184 1.490077641000333256691139 4.43744003291236344964603 0.000809485243027635413 -0.4234770145437153427 0.0002263253336645807956
185 1.494675059725687936803334 4.45788777020175611743237 0.0008051230715711102695 -0.4218744651042967815 0.0002247006268506058822
186 1.49927247845104261691553 4.47842973072732885976854 0.0008007879884665511991 -0.4202761005152235419 0.0002230889135149985076
187 1.503869897176397297027726 4.49906634867004314917949 0.0007964798191084275113 -0.4186819139764648714 0.0002214900849845660516
188 1.508467315901751977139921 4.51979806021156766108152 0.0007921983900524317605 -0.4170918987059373562 0.0002199040335238153816
189 1.513064734627106657252117 4.54062530354349753871298 0.0007879435290076183712 -0.4155060479394427203 0.0002183306523266914392
190 1.517662153352461337364313 4.56154851887661614046613 0.0007837150648285959379 -0.413924354930605438 0.0002167698355083896606
191 1.522259572077816017476508 4.58256814845019946537915 0.0007795128275077728292 -0.4123468129508101565 0.0002152214780972415613
192 1.526856990803170697588704 4.60368463654136345344924 0.0007753366481676557291 -0.4107734152891389269 0.0002136854760266728264
193 1.5314544095285253777009 4.62489842947445435833444 0.0007711863590532007511 -0.4092041552523082394 0.0002121617261272332513
194 1.536051828253880057813096 4.64620997563048239092149 0.0007670617935242167644 -0.4076390261646058605 0.0002106501261186978835
195 1.540649246979234737925291 4.66761972545659883315231 0.0007629627860478205701 -0.4060780213678274695 0.0002091505746022387242
196 1.545246665704589418037487 4.68912813147561682242007 0.0007588891721909435733 -0.4045211342212130908 0.0002076629710526663513
197 1.549844084429944098149683 4.71073564829557600776893 0.0007548407886128895948 -0.4029683581013833195 0.000206187215810740833
198 1.554441503155298778261878 4.73244273261935128005894 0.0007508174730579434704 -0.4014196864022753379 0.0002047232100755513074
199 1.559038921880653458374074 4.75424984325430577918901 0.0007468190643480300892 -0.399875112535078718 0.0002032708558969636075
200 1.56363634060600813848627 4.77615744112198838240679 0.0007428454023754235228 -0.3983346299281710103 0.0002018300561681353175
201 1.568233759331362818598465 4.79816598926787587867443 0.0007388963280955059005 -0.3967982320270531133 0.0002004007146180976531
202 1.572831178056717498710661 4.82027595287116003500374 0.0007349716835195756886 -0.3952659122942844214 0.0001989827358044035604
203 1.577428596782072178822857 4.84248779925457976162303 0.0007310713117077050333 -0.3937376642094177495 0.000197576025105841439
204 1.582026015507426858935052 4.86480199789429858379127 0.0007271950567616458294 -0.3922134812689340301 0.0001961804887152138944
205 1.586623434232781539047248 4.88721902042982762903256 0.0007233427638177841796 -0.3906933569861767799 0.000194796033632180935
206 1.591220852958136219159444 4.90973934067399433952637 0.0007195142790401429113 -0.3891772848912863347 0.0001934225676561670306
207 1.595818271683490899271639 4.93236343462295712035497 0.0007157094496134318195 -0.387665258531133847 0.0001920599993793314585
208 1.600415690408845579383835 4.95509178046626613528078 0.0007119281237361453078 -0.3861572714692550462 0.0001907082381796013642
209 1.605013109134200259496031 4.97792485859697046270145 0.0007081701506137071018 -0.3846533172857837565 0.0001893671942137669721
210 1.609610527859554939608226 5.00086315162177182541072 0.000704435380451661709 -0.3831533895773851699 0.0001880367784106383858
211 1.614207946584909619720422 5.02390714437122510877707 0.0007007236644489123051 -0.3816574819571888729 0.0001867169024642634218
212 1.618805365310264299832618 5.0470573239099858829415 0.0006970348547910047272 -0.3801655880547216214 0.0001854074788272059273
213 1.623402784035618979944813 5.07031417954710514562903 0.0006933688046434572545 -0.3786777015158398635 0.0001841084207038840358
214 1.628000202760973660057009 5.09367820284637150316665 0.0006897253681451358641 -0.3771938160026620057 0.00018281964204396782
215 1.632597621486328340169205 5.11714988763670100830316 0.0006861044004016746466 -0.3757139251935004198 0.0001815410575358358073
216 1.6371950402116830202814 5.14072973002257487443361 0.0006825057574789410719 -0.3742380227827931879 0.0001802725826000898271
217 1.641792458937037700393596 5.16441822839452528684279 0.000678929296396545796 -0.3727661024810355833 0.0001790141333831276626
218 1.646389877662392380505792 5.18821588343966953259926 0.0006753748751213967025 -0.3712981580147112823 0.0001777656267507729883
219 1.650987296387747060617987 5.21212319815229267175215 0.0006718423525612968738 -0.3698341831262233069 0.0001765269802819620752
220 1.655584715113101740730183 5.23614067784447897350938 0.0006683315885585861908 -0.3683741715738246925 0.0001752981122624867525
221 1.660182133838456420842379 5.26026883015679234210637 0.0006648424438838262587 -0.3669181171315488805 0.0001740789416787931191
222 1.664779552563811100954575 5.28450816506900595810994 0.0006613747802295283637 -0.3654660135891398308 0.0001728693882118355021
223 1.66937697128916578106677 5.3088591949108813619423 0.000657928460203924161 -0.3640178547519818528 0.0001716693722309851651
224 1.673974390014520461178966 5.33332243437299720745493 0.0006545033473247788034 -0.3625736344410291508 0.0001704788147879932716
225 1.678571808739875141291162 5.35789840051762791443224 0.0006510993060132462154 -0.3611333464927350824 0.0001692976376110076166
226 1.683169227465229821403357 5.38258761278967244995928 0.0006477162015877662251 -0.3596969847589811258 0.0001681257630986426401
227 1.687766646190584501515553 5.40739059302763346964757 0.0006443539002580032643 -0.3582645431070055533 0.0001669631143141022442
228 1.692364064915939181627749 5.43230786547464705077741 0.0006410122691188263517 -0.3568360154193318097 0.0001658096149793549367
229 1.696961483641293861739944 5.45733995678956325048428 0.0006376911761443300737 -0.3554113955936965903 0.0001646651894693608309
230 1.70155890236664854185214 5.48248739605807772319147 0.0006343904901818962836 -0.3539906775429776179 0.0001635297628063500337
231 1.706156321092003221964336 5.50775071480391463256993 0.0006311100809462962348 -0.352573855195121115 0.0001624032606541519605
232 1.710753739817357902076531 5.53313044700006109439074 0.0006278498190138328735 -0.351160922493068968 0.0001612856093125751166
233 1.715351158542712582188727 5.55862712908005338772482 0.0006246095758165230128 -0.3497518733946855824 0.0001601767357118368915
234 1.719948577268067262300923 5.58424129994931517303834 0.0006213892236363191138 -0.3483467018726844239 0.0001590765674070429169
235 1.724545995993421942413118 5.60997350099654795683203 0.0006181886355993704013 -0.3469454019145542444 0.0001579850325727155396
236 1.729143414718776622525314 5.63582427610517404357643 0.0006150076856703230441 -0.3455479675224849895 0.0001569020599973709693
237 1.73374083344413130263751 5.6617941716648322168048 0.0006118462486466591304 -0.3441543927132933854 0.0001558275790781446627
238 1.738338252169485982749705 5.68788373658292639233981 0.0006087042001530741715 -0.3427646715183482008 0.0001547615198154645086
239 1.742935670894840662861901 5.7140935222962274877497 0.0006055814166358928689 -0.341378797983495184 0.0001537038128077713851
240 1.747533089620195342974097 5.74042408278252875325448 0.0006024777753575228814 -0.3399967661689816696 0.0001526543892462866618
241 1.752130508345550023086292 5.7668759745723548104328 0.0005993931543909463309 -0.3386185701493808539 0.0001516131809098262248
242 1.756727927070904703198488 5.79344975676072464621502 0.0005963274326142487876 -0.3372442040135157364 0.0001505801201596606057
243 1.761325345796259383310684 5.82014599101896881078876 0.0005932804897051854759 -0.3358736618643827234 0.0001495551399344208
244 1.765922764521614063422879 5.84696524160660106918861 0.0005902522061357844458 -0.3345069378190748931 0.0001485381737450493629
245 1.770520183246968743535075 5.87390807538324475749287 0.0005872424631669864549 -0.3331440260087049178 0.0001475291556697963772
246 1.775117601972323423647271 5.9009750618206140957062 0.0005842511428433213099 -0.331784920578327642 0.0001465280203492598869
247 1.779715020697678103759467 5.92816677301455071056876 0.0005812781279876204138 -0.330429615686862313 0.0001455347029814703986
248 1.784312439423032783871662 5.9554837836971156226995 0.0005783233021957652738 -0.329078105507014462 0.0001445491393170190539
249 1.788909858148387463983858 5.98292667124873695365319 0.0005753865498314717194 -0.3277303842251974334 0.0001435712656542290791
250 1.793507276873742144096054 6.01049601571041360964898 0.0005724677560211095862 -0.3263864460414535589 0.0001426010188343701242
251 1.798104695599096824208249 6.03819239979597519991091 0.0005695668066485576222 -0.3250462851693749749 0.0001416383362369151044
252 1.802702114324451504320445 6.06601640890439844874982 0.0005666835883500933731 -0.323709895836024081 0.000140683155774839163
253 1.807299533049806184432641 6.09396863113218036170993 0.0005638179885093178073 -0.322377272281853636 0.0001397354158899603764
254 1.811896951775160864544836 6.12204965728576840730299 0.0005609698952521144403 -0.3210484087606264904 0.0001387950555483218253
255 1.816494370500515544657032 6.15026008089404797705799 0.0005581391974416427231 -0.319723299539334952 0.0001378620142356146621
256 1.821091789225870224769228 6.17860049822088738782509 0.0005553257846733654577 -0.3184019388981197833 0.0001369362319526418034
257 1.825689207951224904881423 6.20707150827774069148876 0.0005525295472701100059 -0.3170843211301888275 0.0001360176492108218852
258 1.830286626676579584993619 6.23567371283630855846658 0.0005497503762771630598 -0.3157704405417352619 0.0001351062070277331162
259 1.834884045401934265105815 6.26440771644125750259826 0.0005469881634573987419 -0.3144602914518554752 0.0001342018469226966731
260 1.83948146412728894521801 6.29327412642299771626179 0.0005442428012864398082 -0.3131538681924665681 0.0001333045109123992809
261 1.844078882852643625330206 6.32227355291051978579317 0.0005415141829478517237 -0.3118511651082234736 0.0001324141415065546265
262 1.848676301577998305442402 6.35140660884429055853012 0.0005388022023283693862 -0.310552176556435696 0.0001315306817036032576
263 1.853273720303352985554597 6.38067390998920843405065 0.0005361067540131562748 -0.3092568969069836657 0.0001306540749864506195
264 1.857871139028707665666793 6.41007607494761835343354 0.0005334277332810957972 -0.3079653205422347085 0.0001297842653182428886
265 1.862468557754062345778989 6.4396137251723867616292 0.0005307650361001146187 -0.3066774418569586269 0.0001289211971381802629
266 1.867065976479417025891184 6.4692874849800368192972 0.0005281185591225377484 -0.3053932552582428924 0.0001280648153573673714
267 1.87166339520477170600338 6.49909798156394414174042 0.0005254881996804751694 -0.3041127551654074447 0.0001272150653547004723
268 1.876260813930126386115576 6.52904584500759334384451 0.0005228738557812397927 -0.3028359360099190984 0.0001263718929727911061
269 1.880858232655481066227771 6.5591317082978956712173 0.0005202754261027965204 -0.3015627922353055546 0.000125535244513925879
270 1.885455651380835746339967 6.58935620733856799901321 0.0005176928099892422051 -0.3002933182970690142 0.0001247050667360620498
271 1.890053070106190426452163 6.61971998096357348122539 0.0005151259074463162938 -0.299027508662599394 0.0001238813068488586016
272 1.894650488831545106564358 6.65022367095062413453105 0.0005125746191369419434 -0.2977653578110871401 0.000123063912509742477
273 1.899247907556899786676554 6.68086792203474564208453 0.0005100388463767974009 -0.2965068602334356415 0.0001222528318200096633
274 1.90384532628225446678875 6.71165338192190466396795 0.0005075184911299174392 -0.2952520104321732374 0.000121448013320960813
275 1.908442745007609146900946 6.74258070130269894233012 0.0005050134560043246417 -0.2940008029213648216 0.000120649405990071092
276 1.913040163732963827013141 6.77365053386611049057211 0.0005025236442476903327 -0.2927532322265230376 0.0001198569592371939457
277 1.917637582458318507125337 6.80486353631332215727062 0.0005000489597430249477 -0.2915092928845190673 0.0001190706229007984805
278 1.922235001183673187237533 6.83622036837159785687046 0.0004975893070043976427 -0.2902689794434930085 0.0001182903472442401589
279 1.926832419909027867349728 6.86772169280822676052253 0.0004951445911726849422 -0.2890322864627638425 0.000117516082952064508
280 1.931429838634382547461924 6.89936817544453174179605 0.0004927147180113482265 -0.2877992085127389875 0.0001167477811263435471
281 1.93602725735973722757412 6.93116048516994237335163 0.0004902995939022398573 -0.2865697401748234405 0.0001159853932830446392
282 1.940624676085091907686315 6.96309929395613277202612 0.0004878991258414377502 -0.2853438760413285033 0.0001152288713484314767
283 1.945222094810446587798511 6.9951852768712245911511 0.0004855132214351081971 -0.2841216107153800911 0.000114478167655496913
284 1.949819513535801267910707 7.02741911209405546030345 0.000483141788895396741 -0.2829029388108266262 0.0001137332349404273538
285 1.954416932261155948022902 7.05980148092851317407019 0.0004807847370363469159 -0.2816878549521465119 0.0001129940263390984255
286 1.959014350986510628135098 7.09233306781793593279906 0.0004784419752698466587 -0.2804763537743551881 0.0001122604953836016405
287 1.963611769711865308247294 7.12501456035957893970266 0.0004761134136016021996 -0.2792684299229117671 0.0001115325959988017806
288 1.968209188437219988359489 7.15784664931914766008654 0.0004737989626271392511 -0.2780640780536252473 0.0001108102824989247244
289 1.972806607162574668471685 7.19083002864539804988031 0.0004714985335278313016 -0.276863292832560305 0.000110093509584175446
290 1.977404025887929348583881 7.22396539548480406206665 0.0004692120380669548248 -0.2756660689359426671 0.0001093822323373859107
291 1.982001444613284028696076 7.257253450196292741025 0.0004669393885857712335 -0.2744724010500640554 0.0001086764062206926071
292 1.986598863338638708808272 7.29069489636604721623517 0.0004646804979996353772 -0.2732822838711867125 0.0001079759870722434416
293 1.991196282063993388920468 7.32429044082237790822137 0.000462435279794130418 -0.272095712105447499 0.0001072809311029337399
294 1.995793700789348069032663 7.35804079365066226105885 0.0004602036480212288911 -0.270912680468761569 0.0001065911948931710887
295 2.000391119514702749144859 7.39194666820835331721383 0.0004579855172954797782 -0.2697331836867256194 0.0001059067353896687626
296 2.004988538240057429257055 7.42600878114005745194229 0.0004557808027902214129 -0.2685572164945207134 0.00010522750990226748
297 2.00958595696541210936925 7.46022785239268158593516 0.0004535894202338200381 -0.2673847736368146805 0.0001045534761007852315
298 2.014183375690766789481446 7.49460460523065019636593 0.0004514112859059338497 -0.2662158498676640872 0.0001038845920118949339
299 2.018780794416121469593642 7.52913976625119244797172 0.000449246316633802339 -0.2650504399504157842 0.0001032208160160296564
300 2.023378213141476149705837 7.56383406539969976728143 0.0004470944297885607696 -0.2638885386576080278 0.0001025621068443151744
301 2.027975631866830829818033 7.598688235985154184593 0.0004449555432815796146 -0.262730140770871173 0.0001019084235755296062
302 2.032573050592185509930229 7.63370301469562776979783 0.0004428295755608287767 -0.261575241080827946 0.0001012597256330898872
303 2.037170469317540190042425 7.66887914161385348965309 0.0004407164456072664391 -0.2604238343869932832 0.0001006159727820648482
304 2.04176788804289487015462 7.70421736023286781561209 0.0004386160729312523544 -0.2592759154976737526 0.0000999771251262146512
305 2.046365306768249550266816 7.73971841747172541283955 0.0004365283775689854251 -0.2581314792298665458 0.0000993431431050563524
306 2.050962725493604230379012 7.77538306369128624256206 0.0004344532800789653999 -0.2569905204091580457 0.0000987139874909553587
307 2.055560144218958910491207 7.81121205271007541143469 0.0004323907015384785125 -0.2558530338696219762 0.0000980896193862425391
308 2.060157562944313590603403 7.84720614182021610314203 0.0004303405635401069276 -0.2547190144537171179 0.0000974700002203567746
309 2.064754981669668270715599 7.88336609180343592899705 0.0004283027881882617961 -0.2535884570121846101 0.0000968550917470127046
310 2.069352400395022950827794 7.9196926669471470358526 0.000426277298095739779 -0.2524613564039448291 0.0000962448560413934534
311 2.07394981912037763093999 7.9561866350606003111995 0.0004242640163803028857 -0.2513377074959938392 0.0000956392554973681138
312 2.078547237845732311052186 7.99284876749111402689133 0.0004222628666612814344 -0.2502175051632994362 0.0000950382528247337566
313 2.083144656571086991164381 8.02967983914037726450927 0.0004202737730562000276 -0.249100744288696756 0.0000944418110464817629
314 2.087742075296441671276577 8.06668062848082846696107 0.0004182966601774262988 -0.2479874197627834993 0.0000938498934960882349
315 2.092339494021796351388773 8.10385191757210946249606 0.0004163314531288424384 -0.2468775264838146776 0.0000932624638148283188
316 2.096936912747151031500968 8.14119449207759530891334 0.0004143780775025391379 -0.2457710593575970028 0.0000926794859491141654
317 2.101534331472505711613164 8.1787091412810003073427 0.00041243645937553193 -0.2446680132973828449 0.0000921009241478563554
318 2.10613175019786039172536 8.21639665810306053658815 0.0004105065253064997596 -0.2435683832237637672 0.0000915267429598485767
319 2.110729168923215071837555 8.25425783911829326064081 0.0004085882023325455962 -0.242472164064563661 0.0000909569072311753345
320 2.115326587648569751949751 8.29229348457183356359304 0.0004066814179659789612 -0.2413793507547314698 0.0000903913821026424947
321 2.119924006373924432061947 8.33050439839634856781801 0.0004047861001911202143 -0.2402899382362335063 0.0000898301330072304561
322 2.124521425099279112174142 8.36889138822902959291845 0.0004029021774611264601 -0.2392039214579453607 0.0000892731256675697512
323 2.129118843824633792286338 8.40745526542866261459604 0.000401029578694838902 -0.2381212953755434156 0.0000887203260934388677
324 2.133716262549988472398534 8.44619684509277738424766 0.00039916823327365153 -0.2370420549513959515 0.0000881717005792841026
325 2.138313681275343152510729 8.48511694607487557175731 0.000397318071038400975 -0.2359661951544538572 0.000087627215701761245
326 2.142911100000697832622925 8.52421639100173829562294 0.000395479022286277391 -0.2348937109601409446 0.0000870868383172988943
327 2.147508518726052512735121 8.56349600629081340623523 0.0003936510177677562265 -0.2338245973502438683 0.0000865505355596832231
328 2.152105937451407192847316 8.602956622167682889811 0.0003918339886835507324 -0.2327588493128016573 0.0000860182748376639882
329 2.156703356176761872959512 8.64259907268361076217764 0.0003900278666815850782 -0.2316964618419948553 0.0000854900238325816068
330 2.161300774902116553071708 8.68242419573317182330589 0.000388232583853987925 -0.2306374299380342778 0.0000849657504960151033
331 2.165898193627471233183904 8.72243283307196164519763 0.0003864480727341063235 -0.2295817486070493858 0.0000844454230474507453
332 2.170495612352825913296099 8.76262583033438816745219 0.0003846742662935397939 -0.2285294128609762804 0.0000839290099719711818
333 2.175093031078180593408295 8.80300403705154527655966 0.0003829110979391944523 -0.2274804177174453222 0.0000834164800179649006
334 2.179690449803535273520491 8.8435683066691687467024 0.0003811585015103570505 -0.2264347581996683753 0.0000829078021948558256
335 2.184287868528889953632686 8.88431949656567492158691 0.0003794164112757887852 -0.2253924293363256852 0.00008240294577085287177
336 2.188885287254244633744882 8.92525846807028251857684 0.0003776847619308387513 -0.2243534261614523884 0.0000819018802707192815
337 2.193482705979599313857078 8.96638608648121793815523 0.0003759634885945769011 -0.2233177437143246607 0.00008140457547356156576
338 2.198080124704953993969273 9.00770322108400446350842 0.0003742525268069463776 -0.2222853770393455068 0.0000809110014106378746
339 2.202677543430308674081469 9.04921074516983573679795 0.0003725518125259350902 -0.2212563211859301956 0.00008042112836318562437
340 2.207274962155663354193665 9.09090953605403390046735 0.0003708612821247664023 -0.2202305712083913448 0.00007993492686026820949
341 2.21187238088101803430586 9.13280047509459279372087 0.0003691808723891088031 -0.2192081221658236588 0.00007945236767664062976
342 2.216469799606372714418056 9.17488444771080659610833 0.0003675105205143044291 -0.2181889691219883254 0.00007897342183063386267
343 2.221067218331727394530252 9.21716234340198431195693 0.0003658501641026163143 -0.2171731071451970744 0.00007849806058205781576
344 2.225664637057082074642447 9.25963505576625049120461 0.0003641997411604942373 -0.2161605313081959029 0.00007802625543012269232
345 2.230262055782436754754643 9.30230348251943258401285 0.0003625591900958590417 -0.2151512366880484722 0.0000775579781113786066
346 2.234859474507791434866839 9.34516852551403532836735 0.0003609284497154053024 -0.214145218366019182 0.00007709320059767328604
347 2.239456893233146114979034 9.38823109075830257171512 0.000359307459221922216 -0.2131424714274559242 0.00007663189509412769965
348 2.24405431195850079509123 9.43149208843536692953408 0.0003576961582116325881 -0.2121429909616725257 0.00007617403403712945191
349 2.248651730683855475203426 9.47495243292248768558817 0.0003560944866715498034 -0.211146772061830879 0.0000757195900923437866
350 2.253249149409210155315621 9.51861304281037734048587 0.000354502384976852642 -0.2101538098248227744 0.0000752685361527420395
351 2.257846568134564835427817 9.56247484092261721703375 0.0003529197938882778371 -0.2091640993511514313 0.00007482084533664738904
352 2.262443986859919515540013 9.60653875433516253275913 0.0003513466545495302439 -0.2081776357448127386 0.00007437649098579774826
353 2.267041405585274195652208 9.65080571439593735186672 0.0003497829084847105042 -0.2071944141131762097 0.0000739354466634256464
354 2.271638824310628875764404 9.69527665674451983079405 0.000348228497595760088 -0.2062144295668656558 0.00007349768615235494885
355 2.2762362430359835558766 9.73995252133191817343881 0.0003466833641599235933 -0.2052376772196395872 0.00007306318345311426547
356 2.280833661761338235988796 9.78483425244043771404862 0.0003451474508272281909 -0.204264152188271344 0.00007263191278206689954
357 2.285431080486692916100991 9.82992279870363954768961 0.0003436207006179800955 -0.2032938495924289668 0.00007220384856955718946
358 2.290028499212047596213187 9.87521911312639113014559 0.000342103056920277946 -0.2023267645545548127 0.00007177896545807309702
359 2.294625917937402276325383 9.92072415310500927104295 0.0003405944634875429879 -0.2013628921997449216 0.00007135723830042489943
360 2.299223336662756956437578 9.96643888044749594594984 0.0003390948644360659381 -0.2004022276556281408 0.00007093864215793984036
361 2.303820755388111636549774 10.01236426139386735515944 0.0003376042042425704218 -0.1994447660522450157 0.00007052315229867259887
362 2.30841817411346631666197 10.05850126663657665883864 0.0003361224277417928702 -0.1984905025219264517 0.0000701107441956314354
363 2.313015592838820996774165 10.10485087134103082020285 0.0003346494801240787674 -0.1975394321991721561 0.00006970139352501987567
364 2.317613011564175676886361 10.15141405516620199036721 0.0003331853069329951373 -0.1965915502205288669 0.00006929507616449379426
365 2.322210430289530356998557 10.19819180228533387052235 0.0003317298540629591581 -0.1956468517244683753 0.00006889176819143376105
366 2.326807849014885037110752 10.24518510140674348909069 0.0003302830677568828033 -0.1947053318512653501 0.00006849144588123251571
367 2.331405267740239717222948 10.29239494579471883353569 0.0003288448946038333891 -0.1937669857428749733 0.00006809408570559743391
368 2.336002686465594397335144 10.33982233329051277852253 0.0003274152815367099346 -0.1928318085428103915 0.00006769966433086785464
369 2.340600105190949077447339 10.38746826633343375416432 0.0003259941758299352193 -0.1918997953960199944 0.00006730815861634713489
370 2.345197523916303757559535 10.43533375198203360013218 0.0003245815250971634357 -0.1909709414487645266 0.0000669195456126493016
371 2.349794942641658437671731 10.48341980193539305346219 0.0003231772772890033327 -0.1900452418484940428 0.00006653380256006017126
372 2.354392361367013117783926 10.53172743255450531995537 0.0003217813806907567449 -0.1891226917437247128 0.00006615090688691280898
373 2.358989780092367797896122 10.58025766488375818114039 0.0003203937839201724034 -0.1882032862839154878 0.00006577083620797719895
374 2.363587198817722478008318 10.62901152467251509085104 0.0003190144359252149289 -0.187287020619344634 0.00006539356832286400146
375 2.368184617543077158120513 10.67799004239679571756294 0.0003176432859818489018 -0.1863738899009861446 0.00006501908121444227048
376 2.372782036268431838232709 10.72719425328105639073592 0.0003162802836918379096 -0.1854638892803860392 0.00006464735304727100831
377 2.377379454993786518344905 10.77662519732007091151998 0.0003149253789805584742 -0.1845570139095385571 0.00006427836216604443536
378 2.3819768737191411984571 10.82628391930091219030405 0.000313578522094828751 -0.1836532589407622596 0.00006391208709405085138
379 2.386574292444495878569296 10.87617146882503517571817 0.0003122396636007519124 -0.1827526195265760454 0.00006354850653164497031
380 2.391171711169850558681492 10.92628890033046154184016 0.0003109087543815741078 -0.1818550908195750914 0.00006318759935473360724
381 2.395769129895205238793687 10.97663727311406660250909 0.0003095857456355569087 -0.1809606679723067291 0.00006282934461327460043
382 2.400366548620559918905883 11.02721765135396892380824 0.0003082705888738641376 -0.1800693461371462659 0.00006247372152978885004
383 2.404963967345914599018079 11.0780311041320231079512 0.0003069632359184629886 -0.179181120466172762 0.00006212070949788535837
384 2.409561386071269279130275 11.12907870545641622398499 0.0003056636389000393418 -0.1782959861110447733 0.00006177028808079915578
385 2.41415880479662395924247 11.18036153428436836291535 0.0003043717502559271769 -0.1774139382228760699 0.00006142243700994199839
386 2.418756223521978639354666 11.23188067454493779705961 0.0003030875227280519927 -0.1765349719521113433 0.0000610771361834657244
387 2.423353642247333319466862 11.2836372151619312256439 0.0003018109093608881401 -0.1756590824484019098 0.00006073436566483815732
388 2.427951060972687999579057 11.33563225007691959088237 0.0003005418634994299714 -0.1747862648604814249 0.00006039410568143144396
389 2.432548479698042679691253 11.38786687827235995100748 0.0002992803387871767205 -0.1739165143360416164 0.00006005633662312271858
390 2.437145898423397359803449 11.44034220379482389896229 0.0002980262891641310164 -0.17304982602160805 0.00005972103904090698304
391 2.441743317148752039915644 11.49305933577833301771721 0.0002967796688648109436 -0.1721861950624159379 0.00005938819364552209532
392 2.44634073587410672002784 11.54601938846780186543661 0.0002955404324162755569 -0.1713256166022860015 0.00005905778130608575904
393 2.450938154599461400140036 11.59922348124258898599295 0.0002943085346361637611 -0.1704680857835004018 0.00005872978304874440813
394 2.455535573324816080252231 11.65267273864015644260958 0.000293083930630746469 -0.1696135977466787472 0.00005840418005533388112
395 2.460132992050170760364427 11.70636829037983837470732 0.0002918665757929919465 -0.1687621476306541928 0.00005808095366205178107
396 2.464730410775525440476623 11.76031127138671908033378 0.0002906564258006442598 -0.1679137305723496416 0.00005776008535814141768
397 2.469327829500880120588818 11.81450282181562112886986 0.0002894534366143147355 -0.1670683417066540621 0.00005744155678458722914
398 2.473925248226234800701014 11.86894408707520401103327 0.000288257564475586349 -0.1662259761662989329 0.00005712534973282158239
399 2.47852266695158948081321 11.92363621785217383553507 0.0002870687659051309563 -0.1653866290817348272 0.00005681144614344285156
400 2.483120085676944160925405 11.97858037013560458409286 0.0002858869977008392786 -0.1645502955810081532 0.0000564998281049446736
401 2.487717504402298841037601 12.03377770524137143886164 0.0002847122169359635647 -0.1637169707896380571 0.0000561904778524562847
402 2.492314923127653521149797 12.0892293898366966987124 0.0002835443809572728372 -0.1628866498304935088 0.00005588337776649383705
403 2.496912341853008201261992 12.14493659596480880316835 0.0002823834473832206463 -0.1620593278236705788 0.00005557851037172260093
404 2.501509760578362881374188 12.20090050106971498519908 0.0002812293741021252459 -0.1612349998863699213 0.00005527585833572995504
405 2.506107179303717561486384 12.25712228802108807647475 0.0002800821192703621094 -0.1604136611327744773 0.00005497540446780907012
406 2.510704598029072241598579 12.3136031451392679910954 0.0002789416413105687047 -0.1595953066739274114 0.0000546771317177531914
407 2.515302016754426921710775 12.3703442662203784162339 0.0002778078989098614467 -0.158779931617610295 0.00005438102317466042645
408 2.519899435479781601822971 12.4273468505615592405665 0.0002766808510180647479 -0.1579675310682215516 0.00005408706206574894563
409 2.524496854205136281935166 12.48461210298631525381103 0.0002755604568459520864 -0.1571581001266551771 0.00005379523175518250331
410 2.529094272930490962047362 12.54214123386998165315035 0.0002744466758634990113 -0.1563516338901797498 0.00005350551574290618876
411 2.533691691655845642159558 12.59993545916530689478755 0.0002733394677981480105 -0.1555481274523177437 0.00005321789766349231704
412 2.538289110381200322271754 12.65799600042815343135962 0.0002722387926330851568 -0.1547475759027251614 0.00005293236128499636926
413 2.542886529106555002383949 12.71632408484331687842803 0.0002711446106055284596 -0.1539499743270715001 0.00005264889050782289467
414 2.547483947831909682496145 12.77492094525046415576766 0.0002700568822050278452 -0.1531553178069200637 0.00005236746936360128721
415 2.552081366557264362608341 12.83378782017019115169046 0.0002689755681717766846 -0.15236360141960864 0.00005208808201407134742
416 2.556678785282619042720536 12.89292595383020046116626 0.0002679006294949347975 -0.1515748202381305544 0.00005181071274997854587
417 2.561276204007973722832732 12.95233659619159975104116 0.0002668320274109628558 -0.1507889693310161171 0.00005153534598997890121
418 2.565873622733328402944928 13.01202100297532130820354 0.0002657697234019681107 -0.1500060437622144777 0.00005126196627955338854
419 2.570471041458683083057123 13.07198043568866332910914 0.0002647136791940613699 -0.1492260385909759048 0.00005099055828993179428
420 2.575068460184037763169319 13.13221616165195351164969 0.0002636638567557251514 -0.1484489488717345029 0.00005072110681702593413
421 2.579665878909392443281515 13.19272945402533551293472 0.0002626202182961929391 -0.1476747696539913861 0.00005045359678037215188
422 2.58426329763474712339371 13.25352159183567883915299 0.0002615827262638394698 -0.1469034959821983201 0.00005018801322208301722
423 2.588860716360101803505906 13.31459386000361273628901 0.0002605513433445819771 -0.1461351228956418519 0.0000499243413058081419
424 2.593458135085456483618102 13.37594754937068465309097 0.0002595260324602923215 -0.1453696454283279413 0.00004966256631570403341
425 2.598055553810811163730297 13.43758395672664385031933 0.0002585067567672199352 -0.1446070586088671102 0.00004940267365541290731
426 2.602652972536165843842493 13.49950438483685073295056 0.0002574934796544255107 -0.143847357460360127 0.00004914464884705037909
427 2.607250391261520523954689 13.56171014246981248466782 0.0002564861647422253641 -0.1430905370002842411 0.00004888847753020195738
428 2.611847809986875204066884 13.62420254442484558663983 0.0002554847758806464005 -0.142336592240379984 0.00004863414546092826139
429 2.61644522871222988417908 13.68698291155986580527122 0.000254489277147891616 -0.1415855181865385551 0.00004838163851077888563
430 2.621042647437584564291276 13.75005257081930623630166 0.0002534996328488160639 -0.1408373098386898057 0.00004813094266581483598
431 2.625640066162939244403471 13.8134128552621639953379 0.000252515807513413219 -0.1400919621906908408 0.00004788204402563946189
432 2.630237484888293924515667 13.87706510409017614762188 0.0002515377658953116721 -0.1393494702302152535 0.0000476349288024378098
433 2.634834903613648604627863 13.94101066267612547256963 0.0002505654729702820855 -0.1386098289386430092 0.00004738958332002432408
434 2.639432322339003284740058 14.00525088259227666136003 0.0002495988939347543445 -0.1378730332909509972 0.00004714599401289882181
435 2.644029741064357964852254 14.0697871216389435486094 0.0002486379942043448377 -0.1371390782556042656 0.0000469041474253106692
436 2.64862715978971264496445 14.13462074387318798193722 0.0002476827394123938003 -0.1364079587944479569 0.00004666403021033108713
437 2.653224578515067325076645 14.19975311963765093601092 0.0002467330954085126536 -0.135679669862599962 0.0000464256291289335147
438 2.657821997240422005188841 14.26518562558951648045268 0.0002457890282571412783 -0.134954206408344308 0.00004618893104908196008
439 2.662419415965776685301037 14.33091964472960921379923 0.0002448505042361151539 -0.1342315633730252993 0.00004595392294482726841
440 2.667016834691131365413233 14.3969565664316257785266 0.0002439174898352423021 -0.1335117356909424278 0.00004572059189541123732
441 2.671614253416486045525428 14.46329778647150107498583 0.0002429899517548899697 -0.1327947182892460688 0.00004548892508437851122
442 2.676211672141840725637624 14.5299447070569097949426 0.0002420678569045809877 -0.1320805060878339826 0.00004525890979869618616
443 2.68080909086719540574982 14.59689873685690389827402 0.000241151172401599743 -0.1313690939992486363 0.00004503053342788105749
444 2.685406509592550085862015 14.66416129103168665924886 0.0002402398655696077024 -0.1306604769285753649 0.00004480378346313444342
445 2.690003928317904765974211 14.73173379126252391170452 0.000239333903937268424 -0.1299546497733413887 0.00004457864749648451796
446 2.694601347043259446086407 14.79961766578179312533353 0.0002384332552368819961 -0.1292516074234157052 0.00004435511321993608741
447 2.699198765768614126198602 14.86781434940317094820578 0.000237537887403028843 -0.1285513447609098713 0.0000441331684246277452
448 2.703796184493968806310798 14.93632528355195985357937 0.0002366477685712228341 -0.1278538566600796958 0.00004391280099999634034
449 2.708393603219323486422994 15.00515191629555453199296 0.0002357628670765736397 -0.1271591379872278578 0.00004369399893294869534
450 2.712991021944678166535189 15.07429570237404867258648 0.0002348831514524582703 -0.1264671836006074695 0.00004347675030704051026
451 2.717588440670032846647385 15.14375810323098278056403 0.0002340085904292017417 -0.1257779883503266011 0.00004326104330166238965
452 2.722185859395387526759581 15.21354058704423368069398 0.0002331391529327668055 -0.1250915470782537854 0.00004304686619123293026
453 2.726783278120742206871776 15.28364462875704635973607 0.0002322748080834526877 -0.124407854617924519 0.00004283420734439880747
454 2.731380696846096886983972 15.35407171010920880369357 0.0002314155251946027754 -0.1237269057944487794 0.00004262305522324179918
455 2.735978115571451567096168 15.42482331966837048881125 0.0002305612737713211947 -0.1230486954244195739 0.00004241339838249268654
456 2.740575534296806247208363 15.49590095286150518827589 0.0002297120235091982217 -0.1223732183158225388 0.00004220522546875197118
457 2.745172953022160927320559 15.56730611200651875962668 0.0002288677442930444695 -0.1217004692679466069 0.00004199852521971734922
458 2.749770371747515607432755 15.639040306344002580947 0.0002280284061956337942 -0.1210304430712957598 0.00004179328646341788309
459 2.75436779047287028754495 15.71110505206913330698759 0.0002271939794764548635 -0.1203631345075018842 0.00004158949811745481238
460 2.758965209198224967657146 15.78350187236371961946386 0.0002263644345804713323 -0.119698538349238748 0.0000413871491882489457
461 2.763562627923579647769342 15.85623229742839664887689 0.000225539742136890568 -0.1190366493601371151 0.00004118622877029457597
462 2.768160046648934327881537 15.929297864514968748329 0.0002247198729579408723 -0.1183774622947010157 0.00004098672604541986195
463 2.772757465374289007993733 16.00270011795890130294031 0.0002239047980376571425 -0.1177209718982251902 0.00004078863028205361965
464 2.777354884099643688105929 16.07644060921196226162281 0.0002230944885506749189 -0.1170671729067137231 0.00004059193083449846736
465 2.781952302824998368218125 16.150520896875014081133 0.0002222889158510327633 -0.1164160600467998857 0.00004039661714221026883
466 2.78654972155035304833032 16.22494254673095677550336 0.0002214880514709829149 -0.1157676280356672033 0.00004020267872908381946
467 2.791147140275707728442516 16.29970713177782276714671 0.0002206918671198101701 -0.115121871580971766 0.00004001010520274472105
468 2.795744559001062408554712 16.374816232262024239136 0.0002199003346826589329 -0.114478785380765798 0.00003981888625384739081
469 2.800341977726417088666907 16.4502714357117536913856 0.0002191134262193683821 -0.1138383641234225056 0.00003962901165537915107
470 2.804939396451771768779103 16.5260743369705384066974 0.0002183311139633157042 -0.1132006024875622174 0.00003944047126197034668
471 2.809536815177126448891299 16.6022265382309495358905 0.0002175533703202673388 -0.1125654951419798367 0.0000392532550092104372
472 2.814134233902481129003494 16.6787296490684665144973 0.0002167801678672381844 -0.1119330367455736215 0.00003906735291297001177
473 2.81873165262783580911569 16.7555852864754975267968 0.000216011479351358714 -0.1113032219472753088 0.00003888275506872867494
474 2.823329071353190489227886 16.8327950748955567362498 0.0002152472776887499474 -0.1106760453859816008 0.00003869945165090875202
475 2.827926490078545169340081 16.9103606462575990047175 0.0002144875359634062318 -0.1100515016904870287 0.00003851743291221476326
476 2.832523908803899849452277 16.9882836400105128261706 0.0002137322274260857774 -0.1094295854794182111 0.00003833668918297861643
477 2.837121327529254529564473 17.0665657031577722039442 0.0002129813254932088999 -0.1088102913611695237 0.00003815721087051046766
478 2.841718746254609209676668 17.1452084902922482039479 0.0002122348037457639179 -0.1081936139338401953 0.00003797898845845520131
479 2.846316164979963889788864 17.2242136636311809196215 0.0002114926359282206574 -0.1075795477851728479 0.00003780201250615447962
480 2.85091358370531856990106 17.3035828930513125878108 0.0002107547959474515125 -0.1069680874924934958 0.00003762627364801431343
481 2.855511002430673250013255 17.383317856124182598151 0.000210021257871660014 -0.1063592276226530194 0.00003745176259287810601
482 2.860108421156027930125451 17.4634202381515851419601 0.0002092919959293168568 -0.1057529627319701312 0.0000372784701234051219
483 2.864705839881382610237647 17.5438917322011902500882 0.0002085669845081033378 -0.1051492873661758469 0.00003710638709545433359
484 2.869303258606737290349842 17.6247340391423289726179 0.0002078461981538621559 -0.1045481960603594797 0.00003693550443747359898
485 2.873900677332091970462038 17.7059488676819434567834 0.0002071296115695555262 -0.1039496833389161709 0.0000367658131498941232
486 2.878498096057446650574234 17.7875379344007026829577 0.0002064171996142305606 -0.103353743715495974 0.00003659730430453015843
487 2.883095514782801330686429 17.8695029637892846220634 0.0002057089373019918686 -0.1027603716929545053 0.00003642996904398389623
488 2.887692933508156010798625 17.9518456882848255812753 0.0002050047998009813291 -0.1021695617633051771 0.00003626379858105550691
489 2.892290352233510690910821 18.0345678483075375084204 0.0002043047624323649883 -0.1015813084076730277 0.00003609878419815828099
490 2.896887770958865371023016 18.1176711922974940290284 0.0002036088006693270369 -0.100995606096250163 0.00003593491724673882833
491 2.901485189684220051135212 18.2011574767515859935543 0.0002029168901360708188 -0.10041244928825282301 0.00003577218914670229065
492 2.906082608409574731247408 18.2850284662606473158756 0.0002022290066068268281 -0.0998318324318800884 0.00003561059138584252375
493 2.910680027134929411359604 18.369285933546751887768 0.0002015451260048676459 -0.09925374996427424043 0.00003545011551927720604
494 2.915277445860284091471799 18.4539316595006823576762 0.0002008652244015297734 -0.09867819631148278795 0.00003529075316888783034
495 2.919874864585638771583995 18.5389674332195715657336 0.0002001892780152423151 -0.09810516588842217504 0.00003513249602276453639
496 2.924472283310993451696191 18.6243950520447174306289 0.0001995172632105624683 -0.09753465309884318236 0.00003497533583465574174
497 2.929069702036348131808386 18.7102163215995720875886 0.0001988491564972177724 -0.09696665233529803544 0.0000348192644234225292
498 2.933667120761702811920582 18.7964330558279060804228 0.0001981849345291550762 -0.09640115797910923244 0.0000346642736724977493
499 2.938264539487057492032778 18.8830470770321484142858 0.0001975245741035961759 -0.09583816440034010423 0.00003451035552934979662
500 2.942861958212412172144973 18.9700602159119032795172 0.0001968680521601000837 -0.09527766595776711884 0.00003435750200495101912
501 2.947459376937766852257169 19.0574743116026442606647 0.0001962153457796318794 -0.09471965699885394256 0.00003420570517325072018
502 2.952056795663121532369365 19.1452912117145868485409 0.0001955664321836381051 -0.09416413185972726939 0.00003405495717065271308
503 2.95665421438847621248156 19.2335127723717400769347 0.0001949212887331286572 -0.09361108486515443055 0.00003390525019549738836
504 2.961251633113830892593756 19.3221408582511381093848 0.0001942798929277651345 -0.09306051032852279523 0.00003375657650754825444
505 2.965849051839185572705952 19.4111773426222526052255 0.0001936422224049555993 -0.0925124025518209738 0.00003360892842748291271
506 2.970446470564540252818147 19.5006241073865866979356 0.0001930082549389557083 -0.09196675582562183419 0.00003346229833638842814
507 2.975043889289894932930343 19.5904830431174514226619 0.0001923779684399761726 -0.0914235644290673419 0.00003331667867526105722
508 2.979641308015249613042539 19.6807560490999254336421 0.000191751340953296503 -0.09088282262985523412 0.00003317206194451029502
509 2.984238726740604293154734 19.7714450333709988561287 0.0001911283506583850012 -0.09034452468422753763 0.00003302844070346720381
510 2.98883614546595897326693 19.8625519127599021213053 0.0001905089758680249527 -0.08980866483696094043 0.0000328858075698969857
511 2.993433564191313653379126 19.954078612928620636598 0.0001898931950274469825 -0.08927523732135902631 0.00003274415521951576241
512 2.998030982916668333491321 20.0460270684125961477128 0.0001892809867134675313 -0.08874423635924638156 0.00003260347638551152529
513 3.002628401642023013603517 20.1383992226616156526729 0.0001886723296336334114 -0.08821565616096458256 0.00003246376385806921918
514 3.007225820367377693715713 20.2311970280808887320981 0.0001880672026253724025 -0.08768949092537007276 0.0000323250104838999241
515 3.011823239092732373827908 20.3244224460723141639481 0.0001874655846551498457 -0.08716573483983393728 0.00003218720916577409884
516 3.016420657818087053940104 20.4180774470759366949531 0.0001868674548176311973 -0.08664438208024358282 0.00003205035286205885114
517 3.0210180765434417340523 20.5121640106115948449744 0.0001862727923348505003 -0.08612542681100633075 0.00003191443458625919903
518 3.025615495268796414164495 20.6066841253207606245753 0.0001856815765553847363 -0.08560886318505493024 0.00003177944740656328876
519 3.030212913994151094276691 20.7016397890085720501388 0.0001850937869535340156 -0.08509468534385499863 0.00003164538444539153443
520 3.034810332719505774388887 20.7970330086860593449444 0.0001845094031285075687 -0.08458288741741439542 0.00003151223887894964531
521 3.039407751444860454501083 20.8928658006125657187086 0.000183928404803615498 -0.0840734635242945362 0.00003138000393678550675
522 3.044005170170215134613278 20.989140190338363622208 0.0001833507718254662525 -0.08356640777162365241 0.00003124867290134988093
