3.4077682279682717    1.0642039285439195
3.377207767611965     1.0634171682859168
3.346882269300692     1.0626357564977629
3.316790475269321     1.0618596759827288
3.286931127752722     1.061088909544085
3.2573029689857647    1.0603234399851025
3.2279047412033184    1.059563250109052
3.198735186538927     1.0588083226829939
3.16979304799209      1.0580586398026777
3.141077071187617     1.0573141829814632
3.11258600200087      1.0565749337142842
3.0843185863072122    1.0558408734960751
3.0562735699820065    1.0551119838217695
3.0284496989006158    1.054388246186302
3.000845718505809     1.0536696420968037
2.9734603751536013    1.0529561526286213
2.946292422037101     1.0522477580368883
2.919340613101686     1.0515444385112445
2.8926037022927322    1.0508461742413302
2.8660804435556173    1.0501529454167855
2.8397695908357186    1.0494647322272503
2.8136698980784125    1.048781514862365
2.7877801192290765    1.0481032735117692
2.762099007784136     1.0474299882831073
2.736625321263843     1.0467616384796097
2.711357827199497     1.0460982030695545
2.6862952938946894    1.0454396610346122
2.661436489653013     1.0447859913564532
2.6367801827780593    1.0441371730167484
2.6123251415734194    1.0434931849971683
2.5880701343426864    1.0428540062793832
2.5640139293894513    1.0422196158450643
2.5401552949121786    1.0415899925940635
2.516493006476758     1.0409651147305985
2.4930258498442988    1.040344960190881
2.469752611296053     1.0397295069194785
2.446672077113272     1.0391187328609595
2.423783033577208     1.0385126159598916
2.4010842669691126    1.0379111341608434
2.3785745635702376    1.0373142654083825
2.356252709661834     1.0367219876470772
2.3341174942116267    1.03613427877866
2.312167722121233     1.0355511162718762
2.290402200736914     1.0349724773497713
2.268819737055506     1.0343983392329938
2.2474191380738464    1.0338286791421931
2.2261992107887716    1.033263474298018
2.2051587621971187    1.0327027019211175
2.1842965995692       1.0321463392415378
2.1636115410567096    1.0315943635317317
2.143102416203531     1.0310467516733084
2.122768054660773     1.0305034804451825
2.102607286079545     1.0299645266262683
2.0826189401109545    1.0294298669954807
2.062801846406111     1.0288994783317342
2.0431548346161232    1.0283733374139434
2.0236767393724895    1.027851421096285
2.0043664129200223    1.0273337060964387
1.9852227104531346    1.026820168912551
1.9662444871483062    1.0263107860414287
1.9474305981820181    1.0258055339798786
1.928779898730751     1.0253043892247073
1.9102912439709854    1.0248073282727217
1.8919634903407911    1.0243143276534745
1.8737955107490751    1.0238253639886608
1.8557861884599152    1.0233404136735609
1.8379344067706276    1.0228594530721833
1.8202390489785276    1.0223824585485373
1.8026989983809318    1.0219094064666316
1.7853131382751555    1.0214402731904755
1.7680803520105204    1.0209750350862532
1.7509995324933072    1.0205136686417913
1.7340695916469364    1.0200561503124947
1.717289443463324     1.019602456489873
1.700658001934385     1.0191525635654348
1.684174181052036     1.0187064479306889
1.667836894808192     1.0182640859771446
1.6516450571947692    1.0178254540963105
1.6355975825813827    1.0173905287482918
1.619693404974246     1.016959286549767
1.6039314744976252    1.0165317040344906
1.5883107415445703    1.0161077577317512
1.5728301565081315    1.0156874241708373
1.5574886697813592    1.0152706798810378
1.5422852317573033    1.0148575013916412
1.5272187928290137    1.0144478652319355
1.5122883033895411    1.01404174793121
1.4974927154686917    1.0136391260753363
1.4828310051674438    1.013239976638114
1.4683021660624298    1.0128442765440984
1.4539051920418562    1.0124520026865236
1.4396390769939298    1.0120631319586235
1.4255028148068571    1.0116776412536324
1.4114953993688446    1.011295507464784
1.397615824568099     1.0109167074853127
1.3838630842928268    1.010541218208452
1.3702361726977328    1.0101690165396287
1.3567341008725875    1.00980007973362
1.3433559060848554    1.0094343852463177
1.3301006277809257    1.0090719104991337
1.3169673054071878    1.0087126329134797
1.3039549784100306    1.0083565299107677
1.2910626862358439    1.0080035789124098
1.2782894683310166    1.0076537573398177
1.2656343641419383    1.0073070426144033
1.2530964131306819    1.0069634121578508
1.2406746768060302    1.006622843755248
1.2283682374034162    1.006285315479043
1.2161761683252528    1.0059508052313844
1.2040975429739533    1.0056192909144206
1.1921314372942096    1.0052907504756665
1.1802769411365963    1.0049651620737023
1.1685331490809114    1.0046425039264388
1.1568991557108386    1.0043227542517317
1.1453740571242825    1.004005891296233
1.1339569624916637    1.0036918935201264
1.1226469876685803    1.0033807394776804
1.1114432485644883    1.0030724077234612
1.10034486206298      1.0027668768313553
1.08935095699285      1.002464125582866
1.0784606700722619    1.0021641328788993
1.0676731381496025    1.0018668776211859
1.0569874984645882    1.0015723387193018
1.0464028985911       1.0012804952695318
1.0359184972332725    1.0009913265572221
1.0255334536460028    1.0007048118760205
1.0152469274777813    1.0004209305267573
1.0050580871527106    1.0001396619696756
0.9949661079134569    0.9998609857896866
0.9849701679881661    0.9995848816181223
0.9750694509339716    0.9993113291921939
0.9652631464065843    0.9990403083608561
0.9555504527877001    0.9987717991341941
0.9459305688537953    0.9985057815295533
0.9364026939237386    0.9982422355757835
0.9269660383911168    0.9979811415178044
0.9176198229935517    0.9977224797924908
0.9083632688647775    0.9974662308433823
0.8991955972588251    0.9972123751174412
0.8901160371773592    0.996960893223845
0.8811238295564019    0.9967117660001499
0.8722182163255802    0.9964649743010198
0.8633984394646407    0.9962204989824973
0.8546637475176573    0.9959783210413782
0.8460134020505061    0.9957384217335343
0.837446666163596     0.9955007823425892
0.8289628029604779    0.9952653841522917
0.8205610801519176    0.9950322085483062
0.8122407792554527    0.9948012372004668
0.8040011843627757    0.9945724518276305
0.7958415795655789    0.9943458341486547
0.7877612425550258    0.9941213657656843
0.7797594704235011    0.9938990286920765
0.7718355790816579    0.9936788053164057
0.7639888844578573    0.9934606780275909
0.7562187024804607    0.9932446292145509
0.7485243490778293    0.9930306412662051
0.7409051401783241    0.9928186965714721
0.7333603917103066    0.9926087775192713
0.7258894200095707    0.9924008665146613
0.7184915585768207    0.9921949463885399
0.7111661635929044    0.9919910004263905
0.7039125927655676    0.9917890119354972
0.6967302038025562    0.9915889642231437
0.6896183544116159    0.9913908405966142
0.6825764023004923    0.9911946243631926
0.6756037051769314    0.9910002988301629
0.6686996207486788    0.9908078473048092
0.6618635108719715    0.9906172532178056
0.6550947637310602    0.9904285006091399
0.6483927775123143    0.990241573706221
0.6417569504149665    0.9900564567365013
0.6351866806382498    0.9898731339274337
0.628681366381397     0.9896915895064705
0.6222404058436412    0.9895118077010643
0.615863197224215     0.9893337727386676
0.6095491388959627    0.9891574688553215
0.6032976433429917    0.9889828806554363
0.597108145838533     0.9888099932426404
0.5909800836441349    0.9886387917560698
0.5849128940213462    0.9884692613348603
0.578906014231715     0.9883013871181475
0.5729588815367898    0.9881351542450673
0.5670709331981192    0.9879705478547554
0.5612416064772516    0.9878075530863475
0.5554703447575183    0.9876461552381216
0.5497566150827329    0.9874863401832404
0.5440998888145964    0.987328093878459
0.5384996372730049    0.9871714022792479
0.5329553317778545    0.9870162513410777
0.5274664436490413    0.9868626270194192
0.5220324442064612    0.9867105152697427
0.5166528070500005    0.9865599021088867
0.5113270244668344    0.9864107740112448
0.5060545977085156    0.9862631176566824
0.5008350280763362    0.986116919725997
0.4956678168715884    0.9859721668999861
0.49055246539556435   0.9858288458594471
0.4854884749495561    0.9856869432851775
0.48047534851135143   0.9855464459059364
0.4755126062490373    0.9854073408816529
0.47059977804163544   0.9852696155974592
0.46573639386311466   0.9851332574403273
0.46092198368744364   0.9849982537972295
0.4561560774885911    0.9848645920551381
0.4514382052405258    0.9847322596010251
0.44676789823325325   0.9846012438596442
0.4421447036659957    0.9844715326599716
0.43756817887529875   0.9843431140720219
0.43303788134266075   0.9842159761688355
0.4285533685495798    0.9840901070234527
0.42411419797755434   0.9839654947089137
0.4197199271080824    0.983842127298259
0.4153701144235676    0.9837199928936233
0.4110643329880997    0.9835990799722945
0.40680216638470557   0.9834793772666164
0.4025831984056531    0.9833608735135192
0.39840701284321034   0.9832435574499334
0.3942731934896452    0.9831274178127893
0.39018132413722567   0.9830124433390174
0.38613098776698823   0.9828986227462164
0.3821217783701854    0.9827859450369605
0.3781533070642539    0.9826743996475997
0.3742251857228973    0.9825639760334542
0.37033702621981973   0.982454663649844
0.36648844042872486   0.9823464519520891
0.3626790402233166    0.9822393303955096
0.3589084374772987    0.9821332884354256
0.3551762440643752    0.9820283155271571
0.3514820744208889    0.9819244011876576
0.3478255617388886    0.9818215354123884
0.3442063473258376    0.9817197084180094
0.34062407250823945   0.981618910422223
0.33707837861259793   0.9815191316427319
0.33356890696541663   0.9814203622972383
0.33009529889319933   0.9813225926034451
0.3266571957224496    0.9812258127790546
0.3232542387796712    0.9811300130417694
0.31988607297866967   0.9810351836955802
0.3165523621133299    0.9809413155288285
0.3132527758174712    0.9808483994939737
0.309986983710819     0.9807564265433963
0.3067546554130987    0.9806653876294764
0.3035554605440357    0.9805752737045944
0.3003890687233553    0.9804860757211307
0.2972551495707829    0.9803977846314655
0.2941533727060439    0.9803103913879793
0.291083416472536     0.9802238871711237
0.28804497489941755   0.9801382635717091
0.2850377379102749    0.9800535120733805
0.28206139537824665   0.9799696241584653
0.2791156371984685    0.9798865913098951
0.27620015714239154   0.9798044051140692
0.2733146572655751    0.9797230573768203
0.2704588406895616    0.9796425399319543
0.2676324105358936    0.979562844613277
