
  0.750000E+00  0.500000E-01  0.338856E+00  0.177048E+01
  0.000000E+00  0.100000E+01 -0.117092E+01
  0.732734E-01  0.916811E+00 -0.109924E+01
  0.192526E+00  0.792888E+00 -0.978716E+00
  0.325029E+00  0.672040E+00 -0.846292E+00
  0.472254E+00  0.557681E+00 -0.709659E+00
  0.635838E+00  0.452704E+00 -0.577585E+00
  0.817598E+00  0.359056E+00 -0.457433E+00
  0.101955E+01  0.277650E+00 -0.353428E+00
  0.124395E+01  0.208579E+00 -0.266492E+00
  0.149328E+01  0.151471E+00 -0.195308E+00
  0.177048E+01  0.105737E+00 -0.137791E+00
  0.181190E+01  0.100178E+00 -0.130693E+00
  0.185411E+01  0.948085E-01 -0.123805E+00
  0.189730E+01  0.896077E-01 -0.117099E+00
  0.194149E+01  0.845780E-01 -0.110578E+00
  0.198671E+01  0.797217E-01 -0.104247E+00
  0.203299E+01  0.750408E-01 -0.981100E-01
  0.208034E+01  0.705368E-01 -0.921707E-01
  0.212880E+01  0.662108E-01 -0.864334E-01
  0.217839E+01  0.620635E-01 -0.809021E-01
  0.222913E+01  0.580948E-01 -0.755807E-01
  0.228105E+01  0.543045E-01 -0.704726E-01
  0.233419E+01  0.506915E-01 -0.655808E-01
  0.238856E+01  0.472544E-01 -0.609078E-01
  0.244419E+01  0.439910E-01 -0.564553E-01
  0.250113E+01  0.408988E-01 -0.522240E-01
  0.255938E+01  0.379747E-01 -0.482140E-01
  0.261900E+01  0.352148E-01 -0.444242E-01
  0.268000E+01  0.326152E-01 -0.408527E-01
  0.274243E+01  0.301713E-01 -0.374964E-01
  0.280631E+01  0.278780E-01 -0.343513E-01
  0.287168E+01  0.257300E-01 -0.314123E-01
  0.293857E+01  0.237219E-01 -0.286736E-01
  0.300701E+01  0.218478E-01 -0.261285E-01
  0.307706E+01  0.201017E-01 -0.237697E-01
  0.314873E+01  0.184775E-01 -0.215891E-01
  0.322207E+01  0.169691E-01 -0.195784E-01
  0.329713E+01  0.155704E-01 -0.177288E-01
  0.337393E+01  0.142752E-01 -0.160313E-01
  0.345251E+01  0.130775E-01 -0.144770E-01
  0.353293E+01  0.119715E-01 -0.130568E-01
  0.361523E+01  0.109513E-01 -0.117617E-01
  0.369944E+01  0.100115E-01 -0.105830E-01
  0.378561E+01  0.914657E-02 -0.951211E-02
  0.387379E+01  0.835150E-02 -0.854093E-02
  0.396402E+01  0.762132E-02 -0.766156E-02
  0.405635E+01  0.695136E-02 -0.686653E-02
  0.415084E+01  0.633720E-02 -0.614879E-02
  0.424752E+01  0.577465E-02 -0.550170E-02
  0.434646E+01  0.525976E-02 -0.491903E-02
  0.444770E+01  0.478885E-02 -0.439499E-02
  0.455130E+01  0.435845E-02 -0.392420E-02
  0.465732E+01  0.396532E-02 -0.350169E-02
  0.476580E+01  0.360644E-02 -0.312288E-02
  0.487681E+01  0.327903E-02 -0.278355E-02
  0.499040E+01  0.298046E-02 -0.247984E-02
  0.510665E+01  0.270835E-02 -0.220822E-02
  0.522560E+01  0.246044E-02 -0.196549E-02
  0.534732E+01  0.223470E-02 -0.174873E-02
  0.547187E+01  0.202921E-02 -0.155527E-02
  0.559933E+01  0.184223E-02 -0.138271E-02
  0.572975E+01  0.167215E-02 -0.122889E-02
  0.586321E+01  0.151749E-02 -0.109184E-02
  0.599979E+01  0.137691E-02 -0.969790E-03
  0.613954E+01  0.124914E-02 -0.861146E-03
  0.628255E+01  0.113306E-02 -0.764479E-03
  0.642889E+01  0.102763E-02 -0.678501E-03
  0.657864E+01  0.931883E-03 -0.602058E-03
  0.673187E+01  0.844953E-03 -0.534117E-03
  0.688868E+01  0.766045E-03 -0.473750E-03
  0.704914E+01  0.694432E-03 -0.420130E-03
  0.721333E+01  0.629450E-03 -0.372516E-03
  0.738135E+01  0.570495E-03 -0.330245E-03
  0.755329E+01  0.517016E-03 -0.292728E-03
  0.772922E+01  0.468512E-03 -0.259436E-03
  0.790926E+01  0.424526E-03 -0.229902E-03
  0.809349E+01  0.384642E-03 -0.203705E-03
  0.828201E+01  0.348481E-03 -0.180472E-03
  0.847493E+01  0.315700E-03 -0.159873E-03
  0.867233E+01  0.285986E-03 -0.141610E-03
  0.887434E+01  0.259054E-03 -0.125423E-03
  0.908105E+01  0.234646E-03 -0.111076E-03
  0.929257E+01  0.212528E-03 -0.983620E-04
  0.950903E+01  0.192486E-03 -0.870969E-04
  0.973052E+01  0.174326E-03 -0.771165E-04
  0.995717E+01  0.157873E-03 -0.682753E-04
  0.101891E+02  0.142968E-03 -0.604439E-04
  0.104264E+02  0.129466E-03 -0.535077E-04
  0.106693E+02  0.117234E-03 -0.473649E-04
  0.109178E+02  0.106156E-03 -0.419252E-04
  0.111721E+02  0.961209E-04 -0.371084E-04
  0.114324E+02  0.870324E-04 -0.328436E-04
  0.116987E+02  0.788012E-04 -0.290677E-04
  0.119712E+02  0.713468E-04 -0.257249E-04
  0.122500E+02  0.645961E-04 -0.227656E-04
  0.125353E+02  0.584829E-04 -0.201461E-04
  0.128273E+02  0.529472E-04 -0.178275E-04
  0.131261E+02  0.479346E-04 -0.157752E-04
  0.134319E+02  0.433958E-04 -0.139588E-04
  0.137447E+02  0.392861E-04 -0.123512E-04
  0.140649E+02  0.355650E-04 -0.109284E-04
  0.143925E+02  0.321960E-04 -0.966936E-05
  0.147277E+02  0.291457E-04 -0.855515E-05
  0.150708E+02  0.263840E-04 -0.756918E-05
  0.154218E+02  0.238837E-04 -0.669671E-05
  0.157811E+02  0.216201E-04 -0.592470E-05
  0.161487E+02  0.195709E-04 -0.524160E-05
  0.165248E+02  0.177157E-04 -0.463718E-05
  0.169097E+02  0.160362E-04 -0.410239E-05
  0.173036E+02  0.145158E-04 -0.362923E-05
  0.177066E+02  0.131394E-04 -0.321060E-05
  0.181191E+02  0.118935E-04 -0.284022E-05
  0.185411E+02  0.107656E-04 -0.251254E-05
  0.189730E+02  0.974459E-05 -0.222264E-05
  0.194150E+02  0.882037E-05 -0.196617E-05
  0.198672E+02  0.798375E-05 -0.173927E-05
  0.203300E+02  0.722644E-05 -0.153854E-05
  0.208035E+02  0.654094E-05 -0.136097E-05
  0.212881E+02  0.592043E-05 -0.120388E-05
  0.217839E+02  0.535875E-05 -0.106492E-05
  0.222914E+02  0.485034E-05 -0.941988E-06
  0.228106E+02  0.439015E-05 -0.833242E-06
  0.233419E+02  0.397360E-05 -0.737045E-06
  0.238856E+02  0.359656E-05 -0.651950E-06
  0.244420E+02  0.325529E-05 -0.576676E-06
  0.250113E+02  0.294638E-05 -0.510090E-06
  0.255939E+02  0.266679E-05 -0.451190E-06
  0.261901E+02  0.241371E-05 -0.399090E-06
  0.268001E+02  0.218465E-05 -0.353004E-06
  0.274244E+02  0.197732E-05 -0.312238E-06
  0.280632E+02  0.178966E-05 -0.276179E-06
  0.287168E+02  0.161980E-05 -0.244284E-06
  0.293857E+02  0.146606E-05 -0.216071E-06
  0.300702E+02  0.132692E-05 -0.191115E-06
  0.307706E+02  0.120097E-05 -0.169042E-06
  0.314874E+02  0.108698E-05 -0.149517E-06
  0.322208E+02  0.983805E-06 -0.132248E-06
  0.329713E+02  0.890422E-06 -0.116972E-06
  0.337393E+02  0.805902E-06 -0.103461E-06
  0.345252E+02  0.729403E-06 -0.915099E-07
  0.353294E+02  0.660165E-06 -0.809393E-07
  0.361524E+02  0.597498E-06 -0.715896E-07
  0.369945E+02  0.540779E-06 -0.633198E-07
  0.378562E+02  0.489443E-06 -0.560052E-07
  0.387380E+02  0.442981E-06 -0.495354E-07
  0.396403E+02  0.400928E-06 -0.438130E-07
  0.405636E+02  0.362867E-06 -0.387515E-07
  0.415085E+02  0.328419E-06 -0.342747E-07
  0.424753E+02  0.297241E-06 -0.303151E-07
  0.434647E+02  0.269023E-06 -0.268129E-07
  0.444771E+02  0.243483E-06 -0.237152E-07
  0.455131E+02  0.220368E-06 -0.209754E-07
  0.465733E+02  0.199446E-06 -0.185520E-07
  0.476581E+02  0.180511E-06 -0.164087E-07
  0.487682E+02  0.163374E-06 -0.145129E-07
  0.499042E+02  0.147863E-06 -0.128362E-07
  0.510666E+02  0.133825E-06 -0.113531E-07
  0.522561E+02  0.121120E-06 -0.100414E-07
  0.534733E+02  0.109621E-06 -0.888128E-08
  0.547188E+02  0.992130E-07 -0.785515E-08
  0.559934E+02  0.897936E-07 -0.694758E-08
  0.572977E+02  0.812683E-07 -0.614486E-08
  0.586323E+02  0.735525E-07 -0.543488E-08
  0.599980E+02  0.665691E-07 -0.480693E-08
  0.613956E+02  0.602488E-07 -0.425153E-08
  0.628256E+02  0.545285E-07 -0.376030E-08
  0.642890E+02  0.493514E-07 -0.332582E-08
  0.657865E+02  0.446657E-07 -0.294155E-08
  0.673189E+02  0.404249E-07 -0.260167E-08
  0.688870E+02  0.365867E-07 -0.230106E-08
  0.704915E+02  0.331130E-07 -0.203519E-08
  0.721335E+02  0.299690E-07 -0.180003E-08
  0.738137E+02  0.271236E-07 -0.159205E-08
  0.755331E+02  0.245483E-07 -0.140809E-08
  0.772924E+02  0.222175E-07 -0.124539E-08
  0.790928E+02  0.201080E-07 -0.110149E-08
  0.809351E+02  0.181988E-07 -0.974218E-09
  0.828204E+02  0.164709E-07 -0.861650E-09
  0.847495E+02  0.149070E-07 -0.762089E-09
  0.867236E+02  0.134916E-07 -0.674031E-09
  0.887436E+02  0.122106E-07 -0.596148E-09
  0.908107E+02  0.110512E-07 -0.527264E-09
  0.929260E+02  0.100019E-07 -0.466340E-09
  0.950905E+02  0.905224E-08 -0.412455E-09
  0.973055E+02  0.819274E-08 -0.364796E-09
  0.995720E+02  0.741485E-08 -0.322644E-09
  0.101891E+03  0.671081E-08 -0.285363E-09
  0.104265E+03  0.607362E-08 -0.252389E-09
  0.106693E+03  0.549694E-08 -0.223226E-09
  0.109179E+03  0.497500E-08 -0.197432E-09
  0.111722E+03  0.450263E-08 -0.174619E-09
  0.114324E+03  0.407510E-08 -0.154441E-09
  0.116987E+03  0.368817E-08 -0.136596E-09
  0.119712E+03  0.333798E-08 -0.120812E-09
  0.122500E+03  0.302104E-08 -0.106852E-09
  0.125354E+03  0.273419E-08 -0.945052E-10
  0.128274E+03  0.247458E-08 -0.835850E-10
  0.131261E+03  0.223962E-08 -0.739267E-10
  0.134319E+03  0.202696E-08 -0.653843E-10
  0.137448E+03  0.183450E-08 -0.578291E-10
  0.140649E+03  0.166031E-08 -0.511469E-10
  0.143925E+03  0.150267E-08 -0.452368E-10
  0.147278E+03  0.135999E-08 -0.400096E-10
  0.150708E+03  0.123085E-08 -0.353864E-10
  0.154219E+03  0.111398E-08 -0.312974E-10
  0.157811E+03  0.100821E-08 -0.276810E-10
  0.161487E+03  0.912479E-09 -0.244824E-10
  0.165248E+03  0.825838E-09 -0.216534E-10
  0.169098E+03  0.747424E-09 -0.191513E-10
  0.173036E+03  0.676455E-09 -0.169383E-10
  0.177067E+03  0.612225E-09 -0.149810E-10
  0.181191E+03  0.554093E-09 -0.132500E-10
  0.185412E+03  0.501481E-09 -0.117189E-10
  0.189731E+03  0.453865E-09 -0.103647E-10
  0.194150E+03  0.410770E-09 -0.916707E-11
  0.198672E+03  0.371767E-09 -0.810779E-11
  0.203300E+03  0.336467E-09 -0.717091E-11
  0.208036E+03  0.304519E-09 -0.634230E-11
  0.212881E+03  0.275604E-09 -0.560943E-11
  0.217840E+03  0.249435E-09 -0.496124E-11
  0.222914E+03  0.225751E-09 -0.438796E-11
  0.228106E+03  0.204315E-09 -0.388091E-11
  0.233420E+03  0.184915E-09 -0.343246E-11
  0.238857E+03  0.167357E-09 -0.303583E-11
  0.244420E+03  0.151466E-09 -0.268503E-11
  0.250114E+03  0.137084E-09 -0.237477E-11
  0.255940E+03  0.124068E-09 -0.210036E-11
  0.261901E+03  0.112288E-09 -0.185765E-11
  0.268002E+03  0.101626E-09 -0.164300E-11
  0.274244E+03  0.919761E-10 -0.145314E-11
  0.280632E+03  0.832428E-10 -0.128523E-11
  0.287169E+03  0.753387E-10 -0.113672E-11
  0.293858E+03  0.681852E-10 -0.100537E-11
  0.300703E+03  0.617108E-10 -0.889192E-12
  0.307707E+03  0.558513E-10 -0.786443E-12
  0.314875E+03  0.505481E-10 -0.695567E-12
  0.322209E+03  0.457485E-10 -0.615192E-12
  0.329714E+03  0.414045E-10 -0.544104E-12
  0.337394E+03  0.374731E-10 -0.481231E-12
  0.345253E+03  0.339150E-10 -0.425623E-12
  0.353295E+03  0.306947E-10 -0.376441E-12
  0.361525E+03  0.277801E-10 -0.332942E-12
  0.369946E+03  0.251424E-10 -0.294470E-12
  0.378563E+03  0.227550E-10 -0.260443E-12
  0.387381E+03  0.205944E-10 -0.230348E-12
  0.396404E+03  0.186389E-10 -0.203730E-12
  0.405637E+03  0.168691E-10 -0.180188E-12
  0.415086E+03  0.152674E-10 -0.159367E-12
  0.424754E+03  0.138177E-10 -0.140952E-12
  0.434648E+03  0.125057E-10 -0.124664E-12
  0.444772E+03  0.113182E-10 -0.110259E-12
  0.455133E+03  0.102435E-10 -0.975180E-13
  0.465734E+03  0.927090E-11 -0.862495E-13
  0.476582E+03  0.839061E-11 -0.762831E-13
  0.487683E+03  0.759390E-11 -0.674683E-13
  0.499043E+03  0.687284E-11 -0.596721E-13
  0.510667E+03  0.622025E-11 -0.527768E-13
  0.522562E+03  0.562963E-11 -0.466782E-13
  0.534734E+03  0.509508E-11 -0.412844E-13
  0.547190E+03  0.461129E-11 -0.365138E-13
  0.559936E+03  0.417344E-11 -0.322945E-13
  0.572978E+03  0.377716E-11 -0.285628E-13
  0.586324E+03  0.341851E-11 -0.252623E-13
  0.599982E+03  0.309392E-11 -0.223431E-13
  0.613957E+03  0.280014E-11 -0.197613E-13
  0.628258E+03  0.253426E-11 -0.174778E-13
  0.642892E+03  0.229363E-11 -0.154582E-13
  0.657867E+03  0.207584E-11 -0.136719E-13
  0.673191E+03  0.187874E-11 -0.120921E-13
  0.688871E+03  0.170035E-11 -0.106948E-13
  0.704917E+03  0.153890E-11 -0.945898E-14
  0.721337E+03  0.139278E-11 -0.836596E-14
  0.738139E+03  0.126053E-11 -0.739924E-14
  0.755332E+03  0.114084E-11 -0.654423E-14
  0.772926E+03  0.103251E-11 -0.578802E-14
  0.790930E+03  0.934474E-12 -0.511920E-14
  0.809353E+03  0.845743E-12 -0.452766E-14
  0.828206E+03  0.765438E-12 -0.400447E-14
  0.847497E+03  0.692758E-12 -0.354174E-14
  0.867238E+03  0.626979E-12 -0.313248E-14
  0.887438E+03  0.567446E-12 -0.277051E-14
  0.908110E+03  0.513566E-12 -0.245037E-14
  0.929262E+03  0.464802E-12 -0.216722E-14
  0.950907E+03  0.420668E-12 -0.191679E-14
  0.973057E+03  0.380724E-12 -0.169530E-14
  0.995722E+03  0.344574E-12 -0.149940E-14
  0.101892E+04  0.311856E-12 -0.132614E-14
  0.104265E+04  0.282244E-12 -0.117290E-14
  0.106694E+04  0.255445E-12 -0.103736E-14
  0.109179E+04  0.231190E-12 -0.917493E-15
  0.111722E+04  0.209238E-12 -0.811474E-15
  0.114324E+04  0.189370E-12 -0.717705E-15
  0.116987E+04  0.171389E-12 -0.634772E-15
  0.119712E+04  0.155115E-12 -0.561421E-15
  0.122501E+04  0.140387E-12 -0.496547E-15
  0.125354E+04  0.127057E-12 -0.439169E-15
  0.128274E+04  0.114992E-12 -0.388422E-15
  0.131262E+04  0.104074E-12 -0.343538E-15
  0.134319E+04  0.941915E-13 -0.303841E-15
  0.137448E+04  0.852478E-13 -0.268731E-15
  0.140650E+04  0.771533E-13 -0.237678E-15
  0.143926E+04  0.698274E-13 -0.210214E-15
  0.147278E+04  0.631972E-13 -0.185923E-15
  0.150709E+04  0.571965E-13 -0.164439E-15
  0.154219E+04  0.517655E-13 -0.145437E-15
  0.157811E+04  0.468503E-13 -0.128631E-15
  0.161487E+04  0.424017E-13 -0.113768E-15
  0.165249E+04  0.383756E-13 -0.100621E-15
  0.169098E+04  0.347317E-13 -0.889941E-16
  0.173037E+04  0.314339E-13 -0.787105E-16
  0.177067E+04  0.284492E-13 -0.696152E-16
  0.181192E+04  0.257479E-13 -0.615709E-16
  0.185412E+04  0.233030E-13 -0.544562E-16
  0.189731E+04  0.210904E-13 -0.481636E-16
  0.194151E+04  0.190878E-13 -0.425981E-16
  0.198673E+04  0.172754E-13 -0.376757E-16
  0.203301E+04  0.156350E-13 -0.333222E-16
  0.208036E+04  0.141504E-13 -0.294717E-16
  0.212882E+04  0.128068E-13 -0.260661E-16
  0.217841E+04  0.115908E-13 -0.230541E-16
  0.222915E+04  0.104902E-13 -0.203901E-16
  0.228107E+04  0.949415E-14 -0.180339E-16
  0.233420E+04  0.859266E-14 -0.159501E-16
  0.238857E+04  0.777677E-14 -0.141070E-16
  0.244421E+04  0.703835E-14 -0.124769E-16
  0.250114E+04  0.637004E-14 -0.110351E-16
  0.255940E+04  0.576519E-14 -0.975996E-17
  0.261902E+04  0.521777E-14 -0.863216E-17
  0.268002E+04  0.472233E-14 -0.763468E-17
  0.274245E+04  0.427394E-14 -0.675247E-17
  0.280633E+04  0.386812E-14 -0.597220E-17
  0.287170E+04  0.350083E-14 -0.528209E-17
  0.293859E+04  0.316842E-14 -0.467172E-17
  0.300704E+04  0.286757E-14 -0.413189E-17
  0.307708E+04  0.259529E-14 -0.365443E-17
  0.314875E+04  0.234886E-14 -0.323215E-17
  0.322210E+04  0.212583E-14 -0.285866E-17
  0.329715E+04  0.192398E-14 -0.252833E-17
  0.337395E+04  0.174129E-14 -0.223618E-17
  0.345254E+04  0.157595E-14 -0.197778E-17
  0.353296E+04  0.142631E-14 -0.174924E-17
  0.361525E+04  0.129088E-14 -0.154711E-17
  0.369946E+04  0.116831E-14 -0.136833E-17
  0.378564E+04  0.105737E-14 -0.121022E-17
  0.387382E+04  0.956975E-15 -0.107037E-17
  0.396405E+04  0.866108E-15 -0.946687E-18
  0.405638E+04  0.783869E-15 -0.837294E-18
  0.415087E+04  0.709439E-15 -0.740541E-18
  0.424755E+04  0.642076E-15 -0.654969E-18
  0.434649E+04  0.581109E-15 -0.579285E-18
  0.444774E+04  0.525932E-15 -0.512346E-18
  0.455134E+04  0.475993E-15 -0.453143E-18
  0.465735E+04  0.430797E-15 -0.400781E-18
  0.476584E+04  0.389892E-15 -0.354469E-18
  0.487685E+04  0.352871E-15 -0.313509E-18
  0.499044E+04  0.319365E-15 -0.277282E-18
  0.510668E+04  0.289040E-15 -0.245241E-18
  0.522564E+04  0.261595E-15 -0.216902E-18
  0.534736E+04  0.236756E-15 -0.191838E-18
  0.547191E+04  0.214276E-15 -0.169671E-18
  0.559937E+04  0.193930E-15 -0.150065E-18
  0.572980E+04  0.175516E-15 -0.132724E-18
  0.586326E+04  0.158850E-15 -0.117387E-18
  0.599983E+04  0.143767E-15 -0.103823E-18
  0.613959E+04  0.130116E-15 -0.918257E-19
  0.628260E+04  0.117761E-15 -0.812149E-19
  0.642894E+04  0.106579E-15 -0.718302E-19
  0.657869E+04  0.964595E-16 -0.635300E-19
  0.673192E+04  0.873004E-16 -0.561889E-19
  0.688873E+04  0.790110E-16 -0.496960E-19
  0.704919E+04  0.715088E-16 -0.439535E-19
  0.721339E+04  0.647188E-16 -0.388745E-19
  0.738141E+04  0.585736E-16 -0.343824E-19
  0.755334E+04  0.530119E-16 -0.304094E-19
  0.772928E+04  0.479783E-16 -0.268955E-19
  0.790932E+04  0.434227E-16 -0.237876E-19
  0.809355E+04  0.392996E-16 -0.210389E-19
  0.828208E+04  0.355680E-16 -0.186077E-19
  0.847499E+04  0.321908E-16 -0.164575E-19
  0.867240E+04  0.291342E-16 -0.145558E-19
  0.887441E+04  0.263678E-16 -0.128738E-19
  0.908112E+04  0.238641E-16 -0.113862E-19
  0.929265E+04  0.215982E-16 -0.100705E-19
  0.950910E+04  0.195474E-16 -0.890682E-20
  0.973059E+04  0.176913E-16 -0.787760E-20
  0.995725E+04  0.160115E-16 -0.696732E-20
  0.101892E+05  0.144912E-16 -0.616222E-20
  0.104265E+05  0.131152E-16 -0.545015E-20
  0.106694E+05  0.118699E-16 -0.482037E-20
  0.109179E+05  0.107428E-16 -0.426335E-20
  0.111722E+05  0.972275E-17 -0.377071E-20
  0.114325E+05  0.879955E-17 -0.333499E-20
  0.116988E+05  0.796402E-17 -0.294962E-20
  0.119712E+05  0.720781E-17 -0.260878E-20
  0.122501E+05  0.652342E-17 -0.230733E-20
  0.125354E+05  0.590400E-17 -0.204071E-20
  0.128274E+05  0.534340E-17 -0.180489E-20
  0.131262E+05  0.483604E-17 -0.159633E-20
  0.134320E+05  0.437684E-17 -0.141187E-20
  0.137448E+05  0.396125E-17 -0.124872E-20
  0.140650E+05  0.358512E-17 -0.110443E-20
  0.143926E+05  0.324471E-17 -0.976808E-21
  0.147279E+05  0.293662E-17 -0.863934E-21
  0.150709E+05  0.265778E-17 -0.764103E-21
  0.154220E+05  0.240541E-17 -0.675809E-21
  0.157812E+05  0.217702E-17 -0.597716E-21
  0.161488E+05  0.197030E-17 -0.528648E-21
  0.165249E+05  0.178322E-17 -0.467561E-21
  0.169098E+05  0.161390E-17 -0.413532E-21
  0.173037E+05  0.146065E-17 -0.365747E-21
  0.177068E+05  0.132196E-17 -0.323484E-21
  0.181192E+05  0.119644E-17 -0.286104E-21
  0.185413E+05  0.108283E-17 -0.253044E-21
  0.189732E+05  0.980017E-18 -0.223804E-21
  0.194151E+05  0.886962E-18 -0.197942E-21
  0.198673E+05  0.802743E-18 -0.175069E-21
  0.203301E+05  0.726521E-18 -0.154839E-21
  0.208037E+05  0.657536E-18 -0.136947E-21
  0.212882E+05  0.595101E-18 -0.121122E-21
  0.217841E+05  0.538595E-18 -0.107126E-21
  0.222915E+05  0.487454E-18 -0.947474E-22
  0.228108E+05  0.441169E-18 -0.837990E-22
  0.233421E+05  0.399279E-18 -0.741157E-22
  0.238858E+05  0.361367E-18 -0.655514E-22
  0.244422E+05  0.327054E-18 -0.579767E-22
  0.250115E+05  0.296000E-18 -0.512773E-22
  0.255941E+05  0.267894E-18 -0.453520E-22
  0.261903E+05  0.242457E-18 -0.401114E-22
  0.268003E+05  0.219435E-18 -0.354764E-22
  0.274246E+05  0.198599E-18 -0.313769E-22
  0.280634E+05  0.179742E-18 -0.277512E-22
  0.287171E+05  0.162675E-18 -0.245445E-22
  0.293860E+05  0.147228E-18 -0.217083E-22
  0.300704E+05  0.133249E-18 -0.191998E-22
  0.307709E+05  0.120597E-18 -0.169812E-22
  0.314876E+05  0.109146E-18 -0.150189E-22
  0.322211E+05  0.987820E-19 -0.132835E-22
  0.329716E+05  0.894024E-19 -0.117485E-22
  0.337396E+05  0.809135E-19 -0.103909E-22
  0.345255E+05  0.732305E-19 -0.919021E-23
  0.353297E+05  0.662771E-19 -0.812825E-23
  0.361526E+05  0.599840E-19 -0.718900E-23
  0.369947E+05  0.542884E-19 -0.635828E-23
  0.378565E+05  0.491336E-19 -0.562356E-23
  0.387383E+05  0.444682E-19 -0.497374E-23
  0.396406E+05  0.402459E-19 -0.439900E-23
  0.405639E+05  0.364244E-19 -0.389068E-23
  0.415088E+05  0.329658E-19 -0.344110E-23
  0.424757E+05  0.298357E-19 -0.304347E-23
  0.434650E+05  0.270027E-19 -0.269178E-23
  0.444775E+05  0.244387E-19 -0.238074E-23
  0.455135E+05  0.221182E-19 -0.210564E-23
  0.465736E+05  0.200180E-19 -0.186232E-23
  0.476585E+05  0.181173E-19 -0.164712E-23
  0.487686E+05  0.163970E-19 -0.145679E-23
  0.499046E+05  0.148401E-19 -0.128845E-23
  0.510670E+05  0.134310E-19 -0.113957E-23
  0.522565E+05  0.121557E-19 -0.100789E-23
  0.534737E+05  0.110015E-19 -0.891423E-24
  0.547193E+05  0.995685E-20 -0.788415E-24
