  0.750000000000D+00  0.500000000000D-01  0.338856448434D+00  0.177048300227D+01
  0.000000000000D+00  0.100000000000D+01 -0.117091739280D+01
  0.995518133830D-05  0.999988343352D+00 -0.117090787182D+01
  0.101870672626D-04  0.999988071835D+00 -0.117090765004D+01
  0.104243545031D-04  0.999987793994D+00 -0.117090742310D+01
  0.106671688725D-04  0.999987509681D+00 -0.117090719088D+01
  0.109156391142D-04  0.999987218745D+00 -0.117090695324D+01
  0.111698969704D-04  0.999986921033D+00 -0.117090671008D+01
  0.114300772520D-04  0.999986616386D+00 -0.117090646124D+01
  0.116963179098D-04  0.999986304643D+00 -0.117090620661D+01
  0.119687601082D-04  0.999985985639D+00 -0.117090594605D+01
  0.122475482996D-04  0.999985659204D+00 -0.117090567942D+01
  0.125328303012D-04  0.999985325166D+00 -0.117090540658D+01
  0.128247573731D-04  0.999984983347D+00 -0.117090512738D+01
  0.131234842989D-04  0.999984633566D+00 -0.117090484168D+01
  0.134291694676D-04  0.999984275638D+00 -0.117090454933D+01
  0.137419749574D-04  0.999983909373D+00 -0.117090425017D+01
  0.140620666219D-04  0.999983534576D+00 -0.117090394403D+01
  0.143896141778D-04  0.999983151050D+00 -0.117090363077D+01
  0.147247912952D-04  0.999982758589D+00 -0.117090331021D+01
  0.150677756893D-04  0.999982356988D+00 -0.117090298218D+01
  0.154187492149D-04  0.999981946032D+00 -0.117090264651D+01
  0.157778979629D-04  0.999981525504D+00 -0.117090230303D+01
  0.161454123585D-04  0.999981095181D+00 -0.117090195154D+01
  0.165214872627D-04  0.999980654834D+00 -0.117090159186D+01
  0.169063220753D-04  0.999980204230D+00 -0.117090122381D+01
  0.173001208407D-04  0.999979743131D+00 -0.117090084718D+01
  0.177030923563D-04  0.999979271291D+00 -0.117090046178D+01
  0.181154502827D-04  0.999978788461D+00 -0.117090006741D+01
  0.185374132576D-04  0.999978294385D+00 -0.117089966384D+01
  0.189692050112D-04  0.999977788800D+00 -0.117089925088D+01
  0.194110544851D-04  0.999977271439D+00 -0.117089882830D+01
  0.198631959537D-04  0.999976742027D+00 -0.117089839587D+01
  0.203258691484D-04  0.999976200284D+00 -0.117089795337D+01
  0.207993193845D-04  0.999975645922D+00 -0.117089750057D+01
  0.212837976914D-04  0.999975078648D+00 -0.117089703721D+01
  0.217795609460D-04  0.999974498160D+00 -0.117089656307D+01
  0.222868720084D-04  0.999973904151D+00 -0.117089607788D+01
  0.228059998615D-04  0.999973296307D+00 -0.117089558138D+01
  0.233372197537D-04  0.999972674304D+00 -0.117089507333D+01
  0.238808133447D-04  0.999972037813D+00 -0.117089455344D+01
  0.244370688550D-04  0.999971386497D+00 -0.117089402143D+01
  0.250062812185D-04  0.999970720009D+00 -0.117089347704D+01
  0.255887522390D-04  0.999970037998D+00 -0.117089291997D+01
  0.261847907503D-04  0.999969340101D+00 -0.117089234991D+01
  0.267947127798D-04  0.999968625948D+00 -0.117089176659D+01
  0.274188417161D-04  0.999967895161D+00 -0.117089116967D+01
  0.280575084805D-04  0.999967147352D+00 -0.117089055885D+01
  0.287110517025D-04  0.999966382124D+00 -0.117088993380D+01
  0.293798178993D-04  0.999965599073D+00 -0.117088929419D+01
  0.300641616594D-04  0.999964797782D+00 -0.117088863968D+01
  0.307644458308D-04  0.999963977828D+00 -0.117088796993D+01
  0.314810417133D-04  0.999963138775D+00 -0.117088728457D+01
  0.322143292555D-04  0.999962280178D+00 -0.117088658325D+01
  0.329646972560D-04  0.999961401582D+00 -0.117088586560D+01
  0.337325435696D-04  0.999960502522D+00 -0.117088513123D+01
  0.345182753186D-04  0.999959582521D+00 -0.117088437975D+01
  0.353223091082D-04  0.999958641091D+00 -0.117088361077D+01
  0.361450712476D-04  0.999957677732D+00 -0.117088282387D+01
  0.369869979760D-04  0.999956691935D+00 -0.117088201865D+01
  0.378485356941D-04  0.999955683176D+00 -0.117088119467D+01
  0.387301412002D-04  0.999954650921D+00 -0.117088035149D+01
  0.396322819333D-04  0.999953594623D+00 -0.117087948868D+01
  0.405554362201D-04  0.999952513721D+00 -0.117087860576D+01
  0.415000935291D-04  0.999951407642D+00 -0.117087770228D+01
  0.424667547298D-04  0.999950275801D+00 -0.117087677776D+01
  0.434559323588D-04  0.999949117596D+00 -0.117087583170D+01
  0.444681508910D-04  0.999947932414D+00 -0.117087486360D+01
  0.455039470177D-04  0.999946719627D+00 -0.117087387295D+01
  0.465638699317D-04  0.999945478592D+00 -0.117087285923D+01
  0.476484816179D-04  0.999944208650D+00 -0.117087182189D+01
  0.487583571517D-04  0.999942909128D+00 -0.117087076039D+01
  0.498940850034D-04  0.999941579339D+00 -0.117086967416D+01
  0.510562673510D-04  0.999940218575D+00 -0.117086856263D+01
  0.522455203986D-04  0.999938826117D+00 -0.117086742521D+01
  0.534624747037D-04  0.999937401225D+00 -0.117086626129D+01
  0.547077755115D-04  0.999935943145D+00 -0.117086507026D+01
  0.559820830966D-04  0.999934451104D+00 -0.117086385149D+01
  0.572860731137D-04  0.999932924310D+00 -0.117086260433D+01
  0.586204369552D-04  0.999931361954D+00 -0.117086132811D+01
  0.599858821183D-04  0.999929763208D+00 -0.117086002217D+01
  0.613831325798D-04  0.999928127224D+00 -0.117085868581D+01
  0.628129291803D-04  0.999926453135D+00 -0.117085731831D+01
  0.642760300165D-04  0.999924740054D+00 -0.117085591897D+01
  0.657732108437D-04  0.999922987072D+00 -0.117085448702D+01
  0.673052654866D-04  0.999921193260D+00 -0.117085302172D+01
  0.688730062607D-04  0.999919357667D+00 -0.117085152229D+01
  0.704772644026D-04  0.999917479321D+00 -0.117084998793D+01
  0.721188905109D-04  0.999915557224D+00 -0.117084841783D+01
  0.737987549973D-04  0.999913590359D+00 -0.117084681115D+01
  0.755177485478D-04  0.999911577682D+00 -0.117084516705D+01
  0.772767825953D-04  0.999909518127D+00 -0.117084348465D+01
  0.790767898026D-04  0.999907410602D+00 -0.117084176306D+01
  0.809187245570D-04  0.999905253989D+00 -0.117084000136D+01
  0.828035634765D-04  0.999903047146D+00 -0.117083819863D+01
  0.847323059273D-04  0.999900788903D+00 -0.117083635391D+01
  0.867059745537D-04  0.999898478061D+00 -0.117083446621D+01
  0.887256158207D-04  0.999896113398D+00 -0.117083253454D+01
  0.907923005686D-04  0.999893693658D+00 -0.117083055787D+01
  0.929071245804D-04  0.999891217560D+00 -0.117082853516D+01
  0.950712091636D-04  0.999888683790D+00 -0.117082646533D+01
  0.972857017441D-04  0.999886091006D+00 -0.117082434728D+01
  0.995517764748D-04  0.999883437833D+00 -0.117082217989D+01
  0.101870634858D-03  0.999880722864D+00 -0.117081996202D+01
  0.104243506383D-03  0.999877944662D+00 -0.117081769248D+01
  0.106671649177D-03  0.999875101752D+00 -0.117081537007D+01
  0.109156350673D-03  0.999872192628D+00 -0.117081299356D+01
  0.111698928293D-03  0.999869215748D+00 -0.117081056170D+01
  0.114300730143D-03  0.999866169535D+00 -0.117080807318D+01
  0.116963135735D-03  0.999863052372D+00 -0.117080552669D+01
  0.119687556709D-03  0.999859862608D+00 -0.117080292088D+01
  0.122475437589D-03  0.999856598553D+00 -0.117080025437D+01
  0.125328256547D-03  0.999853258476D+00 -0.117079752574D+01
  0.128247526184D-03  0.999849840606D+00 -0.117079473355D+01
  0.131234794335D-03  0.999846343133D+00 -0.117079187631D+01
  0.134291644888D-03  0.999842764201D+00 -0.117078895252D+01
  0.137419698626D-03  0.999839101915D+00 -0.117078596061D+01
  0.140620614084D-03  0.999835354333D+00 -0.117078289901D+01
  0.143896088429D-03  0.999831519469D+00 -0.117077976608D+01
  0.147247858360D-03  0.999827595290D+00 -0.117077656017D+01
  0.150677701030D-03  0.999823579716D+00 -0.117077327958D+01
  0.154187434985D-03  0.999819470619D+00 -0.117076992256D+01
  0.157778921133D-03  0.999815265822D+00 -0.117076648735D+01
  0.161454063727D-03  0.999810963094D+00 -0.117076297210D+01
  0.165214811374D-03  0.999806560157D+00 -0.117075937497D+01
  0.169063158073D-03  0.999802054676D+00 -0.117075569403D+01
  0.173001144268D-03  0.999797444264D+00 -0.117075192735D+01
  0.177030857930D-03  0.999792726476D+00 -0.117074807292D+01
  0.181154435665D-03  0.999787898814D+00 -0.117074412870D+01
  0.185374063850D-03  0.999782958718D+00 -0.117074009259D+01
  0.189691979785D-03  0.999777903569D+00 -0.117073596245D+01
  0.194110472886D-03  0.999772730690D+00 -0.117073173610D+01
  0.198631885896D-03  0.999767437338D+00 -0.117072741129D+01
  0.203258616127D-03  0.999762020708D+00 -0.117072298573D+01
  0.207993116732D-03  0.999756477930D+00 -0.117071845706D+01
  0.212837898006D-03  0.999750806067D+00 -0.117071382290D+01
  0.217795528714D-03  0.999745002111D+00 -0.117070908077D+01
  0.222868637457D-03  0.999739062989D+00 -0.117070422817D+01
  0.228059914063D-03  0.999732985553D+00 -0.117069926252D+01
  0.233372111016D-03  0.999726766581D+00 -0.117069418119D+01
  0.238808044911D-03  0.999720402779D+00 -0.117068898147D+01
  0.244370597951D-03  0.999713890774D+00 -0.117068366062D+01
  0.250062719476D-03  0.999707227116D+00 -0.117067821581D+01
  0.255887427522D-03  0.999700408274D+00 -0.117067264414D+01
  0.261847810425D-03  0.999693430633D+00 -0.117066694268D+01
  0.267947028459D-03  0.999686290498D+00 -0.117066110838D+01
  0.274188315508D-03  0.999678984085D+00 -0.117065513816D+01
  0.280574980784D-03  0.999671507522D+00 -0.117064902884D+01
  0.287110410581D-03  0.999663856848D+00 -0.117064277720D+01
  0.293798070069D-03  0.999656028009D+00 -0.117063637990D+01
  0.300641505133D-03  0.999648016857D+00 -0.117062983356D+01
  0.307644344251D-03  0.999639819148D+00 -0.117062313470D+01
  0.314810300419D-03  0.999631430539D+00 -0.117061627977D+01
  0.322143173122D-03  0.999622846584D+00 -0.117060926513D+01
  0.329646850345D-03  0.999614062737D+00 -0.117060208706D+01
  0.337325310635D-03  0.999605074344D+00 -0.117059474175D+01
  0.345182625212D-03  0.999595876642D+00 -0.117058722531D+01
  0.353222960127D-03  0.999586464760D+00 -0.117057953374D+01
  0.361450578471D-03  0.999576833710D+00 -0.117057166296D+01
  0.369869842633D-03  0.999566978392D+00 -0.117056360880D+01
  0.378485216620D-03  0.999556893585D+00 -0.117055536699D+01
  0.387301268413D-03  0.999546573945D+00 -0.117054693314D+01
  0.396322672399D-03  0.999536014007D+00 -0.117053830280D+01
  0.405554211844D-03  0.999525208177D+00 -0.117052947136D+01
  0.415000781432D-03  0.999514150732D+00 -0.117052043416D+01
  0.424667389856D-03  0.999502835814D+00 -0.117051118639D+01
  0.434559162478D-03  0.999491257430D+00 -0.117050172314D+01
  0.444681344047D-03  0.999479409448D+00 -0.117049203939D+01
  0.455039301474D-03  0.999467285593D+00 -0.117048213001D+01
  0.465638526684D-03  0.999454879443D+00 -0.117047198974D+01
  0.476484639525D-03  0.999442184428D+00 -0.117046161318D+01
  0.487583390748D-03  0.999429193825D+00 -0.117045099484D+01
  0.498940665055D-03  0.999415900753D+00 -0.117044012908D+01
  0.510562484222D-03  0.999402298174D+00 -0.117042901013D+01
  0.522455010289D-03  0.999388378885D+00 -0.117041763209D+01
  0.534624548829D-03  0.999374135513D+00 -0.117040598893D+01
  0.547077552289D-03  0.999359560517D+00 -0.117039407445D+01
  0.559820623416D-03  0.999344646180D+00 -0.117038188233D+01
  0.572860518752D-03  0.999329384604D+00 -0.117036940611D+01
  0.586204152220D-03  0.999313767709D+00 -0.117035663916D+01
  0.599858598789D-03  0.999297787226D+00 -0.117034357471D+01
  0.613831098224D-03  0.999281434694D+00 -0.117033020581D+01
  0.628129058928D-03  0.999264701457D+00 -0.117031652536D+01
  0.642760061866D-03  0.999247578655D+00 -0.117030252612D+01
  0.657731864587D-03  0.999230057223D+00 -0.117028820063D+01
  0.673052405336D-03  0.999212127888D+00 -0.117027354131D+01
  0.688729807265D-03  0.999193781157D+00 -0.117025854035D+01
  0.704772382736D-03  0.999175007319D+00 -0.117024318981D+01
  0.721188637733D-03  0.999155796437D+00 -0.117022748152D+01
  0.737987276369D-03  0.999136138344D+00 -0.117021140714D+01
  0.755177205501D-03  0.999116022634D+00 -0.117019495814D+01
  0.772767539454D-03  0.999095438662D+00 -0.117017812579D+01
  0.790767604854D-03  0.999074375534D+00 -0.117016090114D+01
  0.809186945569D-03  0.999052822104D+00 -0.117014327504D+01
  0.828035327776D-03  0.999030766966D+00 -0.117012523814D+01
  0.847322745133D-03  0.999008198450D+00 -0.117010678085D+01
  0.867059424080D-03  0.998985104615D+00 -0.117008789337D+01
  0.887255829263D-03  0.998961473241D+00 -0.117006856566D+01
  0.907922669079D-03  0.998937291826D+00 -0.117004878747D+01
  0.929070901357D-03  0.998912547576D+00 -0.117002854827D+01
  0.950711739166D-03  0.998887227402D+00 -0.117000783733D+01
  0.972856656760D-03  0.998861317910D+00 -0.116998664363D+01
  0.995517395666D-03  0.998834805394D+00 -0.116996495592D+01
  0.101870597090D-02  0.998807675830D+00 -0.116994276267D+01
  0.104243467735D-02  0.998779914872D+00 -0.116992005209D+01
  0.106671609629D-02  0.998751507835D+00 -0.116989681212D+01
  0.109156310204D-02  0.998722439697D+00 -0.116987303039D+01
  0.111698886881D-02  0.998692695088D+00 -0.116984869428D+01
  0.114300687767D-02  0.998662258278D+00 -0.116982379084D+01
  0.116963092371D-02  0.998631113175D+00 -0.116979830685D+01
  0.119687512335D-02  0.998599243312D+00 -0.116977222875D+01
  0.122475392182D-02  0.998566631839D+00 -0.116974554269D+01
  0.125328210082D-02  0.998533261519D+00 -0.116971823448D+01
  0.128247478637D-02  0.998499114710D+00 -0.116969028960D+01
  0.131234745680D-02  0.998464173365D+00 -0.116966169319D+01
  0.134291595100D-02  0.998428419015D+00 -0.116963243005D+01
  0.137419647679D-02  0.998391832766D+00 -0.116960248462D+01
  0.140620561950D-02  0.998354395284D+00 -0.116957184098D+01
  0.143896035081D-02  0.998316086786D+00 -0.116954048282D+01
  0.147247803769D-02  0.998276887032D+00 -0.116950839348D+01
  0.150677645167D-02  0.998236775312D+00 -0.116947555588D+01
  0.154187377821D-02  0.998195730436D+00 -0.116944195256D+01
  0.157778862638D-02  0.998153730724D+00 -0.116940756564D+01
  0.161454003869D-02  0.998110753991D+00 -0.116937237683D+01
  0.165214750122D-02  0.998066777540D+00 -0.116933636741D+01
  0.169063095394D-02  0.998021778148D+00 -0.116929951822D+01
  0.173001080129D-02  0.997975732054D+00 -0.116926180965D+01
  0.177030792297D-02  0.997928614946D+00 -0.116922322163D+01
  0.181154368503D-02  0.997880401950D+00 -0.116918373363D+01
  0.185373995123D-02  0.997831067614D+00 -0.116914332463D+01
  0.189691909457D-02  0.997780585900D+00 -0.116910197312D+01
  0.194110400920D-02  0.997728930164D+00 -0.116905965709D+01
  0.198631812254D-02  0.997676073147D+00 -0.116901635401D+01
  0.203258540770D-02  0.997621986959D+00 -0.116897204082D+01
  0.207993039620D-02  0.997566643065D+00 -0.116892669392D+01
  0.212837819098D-02  0.997510012268D+00 -0.116888028917D+01
  0.217795447967D-02  0.997452064699D+00 -0.116883280186D+01
  0.222868554829D-02  0.997392769794D+00 -0.116878420668D+01
  0.228059829511D-02  0.997332096286D+00 -0.116873447775D+01
  0.233372024494D-02  0.997270012184D+00 -0.116868358858D+01
  0.238807956374D-02  0.997206484755D+00 -0.116863151206D+01
  0.244370507352D-02  0.997141480514D+00 -0.116857822042D+01
  0.250062626767D-02  0.997074965198D+00 -0.116852368528D+01
  0.255887332653D-02  0.997006903756D+00 -0.116846787756D+01
  0.261847713347D-02  0.996937260324D+00 -0.116841076751D+01
  0.267946929119D-02  0.996865998212D+00 -0.116835232469D+01
  0.274188213854D-02  0.996793079883D+00 -0.116829251794D+01
  0.280574876762D-02  0.996718466933D+00 -0.116823131535D+01
  0.287110304137D-02  0.996642120070D+00 -0.116816868430D+01
  0.293797961145D-02  0.996563999099D+00 -0.116810459137D+01
  0.300641393672D-02  0.996484062893D+00 -0.116803900237D+01
  0.307644230193D-02  0.996402269381D+00 -0.116797188231D+01
  0.314810183705D-02  0.996318575520D+00 -0.116790319536D+01
  0.322143053690D-02  0.996232937275D+00 -0.116783290487D+01
  0.329646728131D-02  0.996145309594D+00 -0.116776097333D+01
  0.337325185574D-02  0.996055646391D+00 -0.116768736232D+01
  0.345182497238D-02  0.995963900515D+00 -0.116761203254D+01
  0.353222829172D-02  0.995870023731D+00 -0.116753494376D+01
  0.361450444465D-02  0.995773966693D+00 -0.116745605482D+01
  0.369869705507D-02  0.995675678918D+00 -0.116737532356D+01
  0.378485076299D-02  0.995575108764D+00 -0.116729270685D+01
  0.387301124823D-02  0.995472203400D+00 -0.116720816054D+01
  0.396322525465D-02  0.995366908778D+00 -0.116712163944D+01
  0.405554061488D-02  0.995259169610D+00 -0.116703309730D+01
  0.415000627573D-02  0.995148929337D+00 -0.116694248678D+01
  0.424667232413D-02  0.995036130100D+00 -0.116684975943D+01
  0.434559001368D-02  0.994920712711D+00 -0.116675486563D+01
  0.444681179184D-02  0.994802616624D+00 -0.116665775463D+01
  0.455039132771D-02  0.994681779902D+00 -0.116655837446D+01
  0.465638354052D-02  0.994558139188D+00 -0.116645667193D+01
  0.476484462872D-02  0.994431629672D+00 -0.116635259260D+01
  0.487583209980D-02  0.994302185058D+00 -0.116624608075D+01
  0.498940480076D-02  0.994169737531D+00 -0.116613707932D+01
  0.510562294934D-02  0.994034217720D+00 -0.116602552993D+01
  0.522454816592D-02  0.993895554670D+00 -0.116591137282D+01
  0.534624350620D-02  0.993753675797D+00 -0.116579454680D+01
  0.547077349464D-02  0.993608506860D+00 -0.116567498926D+01
  0.559820415866D-02  0.993459971917D+00 -0.116555263608D+01
  0.572860306368D-02  0.993307993294D+00 -0.116542742166D+01
  0.586203934889D-02  0.993152491537D+00 -0.116529927881D+01
  0.599858376395D-02  0.992993385382D+00 -0.116516813879D+01
  0.613830870650D-02  0.992830591706D+00 -0.116503393120D+01
  0.628128826053D-02  0.992664025493D+00 -0.116489658400D+01
  0.642759823567D-02  0.992493599786D+00 -0.116475602343D+01
  0.657731620737D-02  0.992319225644D+00 -0.116461217399D+01
  0.673052155806D-02  0.992140812105D+00 -0.116446495838D+01
  0.688729551923D-02  0.991958266130D+00 -0.116431429749D+01
  0.704772121446D-02  0.991771492567D+00 -0.116416011031D+01
  0.721188370357D-02  0.991580394098D+00 -0.116400231392D+01
  0.737987002765D-02  0.991384871192D+00 -0.116384082344D+01
  0.755176925523D-02  0.991184822058D+00 -0.116367555196D+01
  0.772767252955D-02  0.990980142594D+00 -0.116350641053D+01
  0.790767311681D-02  0.990770726336D+00 -0.116333330806D+01
  0.809186645568D-02  0.990556464405D+00 -0.116315615131D+01
  0.828035020787D-02  0.990337245455D+00 -0.116297484482D+01
  0.847322430993D-02  0.990112955620D+00 -0.116278929087D+01
  0.867059102623D-02  0.989883478456D+00 -0.116259938940D+01
  0.887255500318D-02  0.989648694885D+00 -0.116240503798D+01
  0.907922332472D-02  0.989408483140D+00 -0.116220613174D+01
  0.929070556909D-02  0.989162718704D+00 -0.116200256331D+01
  0.950711386695D-02  0.988911274250D+00 -0.116179422276D+01
  0.972856296080D-02  0.988654019581D+00 -0.116158099754D+01
  0.995517026584D-02  0.988390821566D+00 -0.116136277242D+01
  0.101870559322D-01  0.988121544080D+00 -0.116113942941D+01
  0.104243429088D-01  0.987846047935D+00 -0.116091084771D+01
  0.106671570081D-01  0.987564190815D+00 -0.116067690365D+01
  0.109156269735D-01  0.987275827210D+00 -0.116043747057D+01
  0.111698845469D-01  0.986980808346D+00 -0.116019241882D+01
  0.114300645391D-01  0.986678982118D+00 -0.115994161562D+01
  0.116963049008D-01  0.986370193012D+00 -0.115968492504D+01
  0.119687467962D-01  0.986054282040D+00 -0.115942220786D+01
  0.122475346775D-01  0.985731086659D+00 -0.115915332155D+01
  0.125328163618D-01  0.985400440701D+00 -0.115887812017D+01
  0.128247431090D-01  0.985062174292D+00 -0.115859645426D+01
  0.131234697026D-01  0.984716113778D+00 -0.115830817078D+01
  0.134291545313D-01  0.984362081639D+00 -0.115801311304D+01
  0.137419596731D-01  0.983999896413D+00 -0.115771112056D+01
  0.140620509816D-01  0.983629372613D+00 -0.115740202900D+01
  0.143895981732D-01  0.983250320638D+00 -0.115708567010D+01
  0.147247749178D-01  0.982862546693D+00 -0.115676187152D+01
  0.150677589304D-01  0.982465852698D+00 -0.115643045680D+01
  0.154187320657D-01  0.982060036199D+00 -0.115609124520D+01
  0.157778804142D-01  0.981644890282D+00 -0.115574405166D+01
  0.161453944010D-01  0.981220203476D+00 -0.115538868663D+01
  0.165214688869D-01  0.980785759662D+00 -0.115502495600D+01
  0.169063032715D-01  0.980341337977D+00 -0.115465266097D+01
  0.173001015990D-01  0.979886712718D+00 -0.115427159796D+01
  0.177030726663D-01  0.979421653244D+00 -0.115388155845D+01
  0.181154301341D-01  0.978945923876D+00 -0.115348232887D+01
  0.185373926397D-01  0.978459283793D+00 -0.115307369051D+01
  0.189691839130D-01  0.977961486935D+00 -0.115265541934D+01
  0.194110328955D-01  0.977452281891D+00 -0.115222728595D+01
  0.198631738613D-01  0.976931411800D+00 -0.115178905531D+01
  0.203258465413D-01  0.976398614236D+00 -0.115134048673D+01
  0.207992962508D-01  0.975853621104D+00 -0.115088133369D+01
  0.212837740189D-01  0.975296158528D+00 -0.115041134365D+01
  0.217795367221D-01  0.974725946737D+00 -0.114993025796D+01
  0.222868472202D-01  0.974142699950D+00 -0.114943781170D+01
  0.228059744959D-01  0.973546126264D+00 -0.114893373348D+01
  0.233371937973D-01  0.972935927532D+00 -0.114841774532D+01
  0.238807867837D-01  0.972311799251D+00 -0.114788956249D+01
  0.244370416754D-01  0.971673430433D+00 -0.114734889329D+01
  0.250062534058D-01  0.971020503491D+00 -0.114679543895D+01
  0.255887237784D-01  0.970352694113D+00 -0.114622889340D+01
  0.261847616268D-01  0.969669671135D+00 -0.114564894312D+01
  0.267946829779D-01  0.968971096420D+00 -0.114505526692D+01
  0.274188112200D-01  0.968256624729D+00 -0.114444753577D+01
  0.280574772741D-01  0.967525903589D+00 -0.114382541264D+01
  0.287110197692D-01  0.966778573169D+00 -0.114318855222D+01
  0.293797852222D-01  0.966014266146D+00 -0.114253660079D+01
  0.300641282211D-01  0.965232607573D+00 -0.114186919597D+01
  0.307644116136D-01  0.964433214750D+00 -0.114118596651D+01
  0.314810066991D-01  0.963615697083D+00 -0.114048653210D+01
  0.322142934257D-01  0.962779655955D+00 -0.113977050310D+01
  0.329646605916D-01  0.961924684591D+00 -0.113903748034D+01
  0.337325060513D-01  0.961050367918D+00 -0.113828705485D+01
  0.345182369263D-01  0.960156282429D+00 -0.113751880769D+01
  0.353222698217D-01  0.959241996050D+00 -0.113673230962D+01
  0.361450310459D-01  0.958307067997D+00 -0.113592712088D+01
  0.369869568380D-01  0.957351048641D+00 -0.113510279095D+01
  0.378484935978D-01  0.956373479371D+00 -0.113425885827D+01
  0.387300981234D-01  0.955373892454D+00 -0.113339484996D+01
  0.396322378531D-01  0.954351810900D+00 -0.113251028154D+01
  0.405553911131D-01  0.953306748321D+00 -0.113160465668D+01
  0.415000473714D-01  0.952238208801D+00 -0.113067746687D+01
  0.424667074970D-01  0.951145686753D+00 -0.112972819115D+01
  0.434558840258D-01  0.950028666788D+00 -0.112875629580D+01
  0.444681014321D-01  0.948886623582D+00 -0.112776123405D+01
  0.455038964068D-01  0.947719021744D+00 -0.112674244571D+01
  0.465638181419D-01  0.946525315681D+00 -0.112569935692D+01
  0.476484286218D-01  0.945304949477D+00 -0.112463137977D+01
  0.487583029211D-01  0.944057356761D+00 -0.112353791202D+01
  0.498940295097D-01  0.942781960586D+00 -0.112241833668D+01
  0.510562105646D-01  0.941478173308D+00 -0.112127202173D+01
  0.522454622895D-01  0.940145396467D+00 -0.112009831978D+01
  0.534624152411D-01  0.938783020676D+00 -0.111889656762D+01
  0.547077146638D-01  0.937390425508D+00 -0.111766608596D+01
  0.559820208316D-01  0.935966979394D+00 -0.111640617899D+01
  0.572860093983D-01  0.934512039516D+00 -0.111511613405D+01
  0.586203717557D-01  0.933024951719D+00 -0.111379522120D+01
  0.599858154001D-01  0.931505050417D+00 -0.111244269289D+01
  0.613830643076D-01  0.929951658508D+00 -0.111105778350D+01
  0.628128593178D-01  0.928364087303D+00 -0.110963970901D+01
  0.642759585268D-01  0.926741636449D+00 -0.110818766656D+01
  0.657731376887D-01  0.925083593873D+00 -0.110670083405D+01
  0.673051906276D-01  0.923389235727D+00 -0.110517836974D+01
  0.688729296580D-01  0.921657826346D+00 -0.110361941183D+01
  0.704771860156D-01  0.919888618210D+00 -0.110202307805D+01
  0.721188102981D-01  0.918080851925D+00 -0.110038846523D+01
  0.737986729160D-01  0.916233756209D+00 -0.109871464892D+01
  0.755176645546D-01  0.914346547894D+00 -0.109700068293D+01
  0.772766966457D-01  0.912418431938D+00 -0.109524559892D+01
  0.790767018509D-01  0.910448601453D+00 -0.109344840601D+01
  0.809186345567D-01  0.908436237747D+00 -0.109160809034D+01
  0.828034713799D-01  0.906380510383D+00 -0.108972361467D+01
  0.847322116854D-01  0.904280577254D+00 -0.108779391796D+01
  0.867058781166D-01  0.902135584676D+00 -0.108581791499D+01
  0.887255171374D-01  0.899944667500D+00 -0.108379449596D+01
  0.907921995866D-01  0.897706949244D+00 -0.108172252610D+01
  0.929070212462D-01  0.895421542250D+00 -0.107960084528D+01
  0.950711034225D-01  0.893087547855D+00 -0.107742826770D+01
  0.972855935399D-01  0.890704056601D+00 -0.107520358150D+01
  0.995516657502D-01  0.888270148451D+00 -0.107292554843D+01
  0.101870521554D+00  0.885784893051D+00 -0.107059290357D+01
  0.104243390440D+00  0.883247350008D+00 -0.106820435502D+01
  0.106671530533D+00  0.880656569205D+00 -0.106575858363D+01
  0.109156229266D+00  0.878011591141D+00 -0.106325424277D+01
  0.111698804058D+00  0.875311447311D+00 -0.106068995814D+01
  0.114300603015D+00  0.872555160619D+00 -0.105806432758D+01
  0.116963005645D+00  0.869741745826D+00 -0.105537592091D+01
  0.119687423589D+00  0.866870210041D+00 -0.105262327991D+01
  0.122475301368D+00  0.863939553246D+00 -0.104980491819D+01
  0.125328117153D+00  0.860948768872D+00 -0.104691932125D+01
  0.128247383543D+00  0.857896844415D+00 -0.104396494651D+01
  0.131234648371D+00  0.854782762100D+00 -0.104094022346D+01
  0.134291495525D+00  0.851605499594D+00 -0.103784355379D+01
  0.137419545784D+00  0.848364030771D+00 -0.103467331171D+01
  0.140620457682D+00  0.845057326530D+00 -0.103142784425D+01
  0.143895928384D+00  0.841684355670D+00 -0.102810547166D+01
  0.147247694587D+00  0.838244085823D+00 -0.102470448799D+01
  0.150677533441D+00  0.834735484448D+00 -0.102122316162D+01
  0.154187263493D+00  0.831157519885D+00 -0.101765973603D+01
  0.157778745647D+00  0.827509162483D+00 -0.101401243061D+01
  0.161453884152D+00  0.823789385784D+00 -0.101027944162D+01
  0.165214627617D+00  0.819997167790D+00 -0.100645894328D+01
  0.169062970036D+00  0.816131492292D+00 -0.100254908899D+01
  0.173000951851D+00  0.812191350283D+00 -0.998548012716D+00
  0.177030661030D+00  0.808175741445D+00 -0.994453830535D+00
  0.181154234180D+00  0.804083675714D+00 -0.990264642345D+00
  0.185373857671D+00  0.799914174933D+00 -0.985978533765D+00
  0.189691768803D+00  0.795666274585D+00 -0.981593578225D+00
  0.194110256990D+00  0.791339025612D+00 -0.977107839266D+00
  0.198631664971D+00  0.786931496328D+00 -0.972519373057D+00
  0.203258390057D+00  0.782442774418D+00 -0.967826231142D+00
  0.207992885396D+00  0.777871969027D+00 -0.963026463423D+00
  0.212837661281D+00  0.773218212950D+00 -0.958118121411D+00
  0.217795286475D+00  0.768480664909D+00 -0.953099261732D+00
  0.222868389575D+00  0.763658511929D+00 -0.947967949913D+00
  0.228059660408D+00  0.758750971808D+00 -0.942722264471D+00
  0.233371851452D+00  0.753757295686D+00 -0.937360301287D+00
  0.238807779301D+00  0.748676770708D+00 -0.931880178309D+00
  0.244370326155D+00  0.743508722784D+00 -0.926280040577D+00
  0.250062441348D+00  0.738252519438D+00 -0.920558065573D+00
  0.255887142916D+00  0.732907572760D+00 -0.914712468931D+00
  0.261847519190D+00  0.727473342440D+00 -0.908741510488D+00
  0.267946730440D+00  0.721949338891D+00 -0.902643500696D+00
  0.274188010547D+00  0.716335126461D+00 -0.896416807402D+00
  0.280574668720D+00  0.710630326722D+00 -0.890059862990D+00
  0.287110091248D+00  0.704834621836D+00 -0.883571171894D+00
  0.293797743298D+00  0.698947757985D+00 -0.876949318475D+00
  0.300641170750D+00  0.692969548877D+00 -0.870192975265D+00
  0.307644002079D+00  0.686899879295D+00 -0.863300911562D+00
  0.314809950278D+00  0.680738708697D+00 -0.856272002374D+00
  0.322142814825D+00  0.674486074860D+00 -0.849105237689D+00
  0.329646483702D+00  0.668142097542D+00 -0.841799732065D+00
  0.337324935451D+00  0.661706982166D+00 -0.834354734503D+00
  0.345182241289D+00  0.655181023507D+00 -0.826769638583D+00
  0.353222567261D+00  0.648564609366D+00 -0.819043992838D+00
  0.361450176454D+00  0.641858224217D+00 -0.811177511308D+00
  0.369869431253D+00  0.635062452821D+00 -0.803170084253D+00
  0.378484795657D+00  0.628177983772D+00 -0.795021788957D+00
  0.387300837644D+00  0.621205612971D+00 -0.786732900580D+00
  0.396322231597D+00  0.614146247004D+00 -0.778303902987D+00
  0.405553760774D+00  0.607000906407D+00 -0.769735499492D+00
  0.415000319855D+00  0.599770728787D+00 -0.761028623436D+00
  0.424666917527D+00  0.592456971788D+00 -0.752184448521D+00
  0.434558679148D+00  0.585061015880D+00 -0.743204398814D+00
  0.444680849458D+00  0.577584366940D+00 -0.734090158320D+00
  0.455038795365D+00  0.570028658600D+00 -0.724843680033D+00
  0.465638008787D+00  0.562395654356D+00 -0.715467194354D+00
  0.476484109565D+00  0.554687249394D+00 -0.705963216773D+00
  0.487582848443D+00  0.546905472118D+00 -0.696334554697D+00
  0.498940110118D+00  0.539052485364D+00 -0.686584313312D+00
  0.510561916359D+00  0.531130587262D+00 -0.676715900362D+00
  0.522454429198D+00  0.523142211747D+00 -0.666733029733D+00
  0.534623954203D+00  0.515089928675D+00 -0.656639723718D+00
  0.547076943813D+00  0.506976443546D+00 -0.646440313856D+00
  0.559820000766D+00  0.498804596814D+00 -0.636139440242D+00
  0.572859881599D+00  0.490577362757D+00 -0.625742049199D+00
  0.586203500226D+00  0.482297847920D+00 -0.615253389221D+00
  0.599857931608D+00  0.473969289107D+00 -0.604679005118D+00
  0.613830415502D+00  0.465595050915D+00 -0.594024730266D+00
  0.628128360304D+00  0.457178622832D+00 -0.583296676945D+00
  0.642759346968D+00  0.448723615877D+00 -0.572501224692D+00
  0.657731133037D+00  0.440233758804D+00 -0.561645006671D+00
  0.673051656747D+00  0.431712893881D+00 -0.550734894057D+00
  0.688729041238D+00  0.423164972264D+00 -0.539777978450D+00
  0.704771598866D+00  0.414594048972D+00 -0.528781552383D+00
  0.721187835605D+00  0.406004277516D+00 -0.517753087967D+00
  0.737986455556D+00  0.397399904183D+00 -0.506700213805D+00
  0.755176365569D+00  0.388785262043D+00 -0.495630690267D+00
  0.772766679958D+00  0.380164764685D+00 -0.484552383297D+00
  0.790766725338D+00  0.371542899755D+00 -0.473473236909D+00
  0.809186045567D+00  0.362924222323D+00 -0.462401244594D+00
  0.828034406810D+00  0.354313348144D+00 -0.451344419835D+00
  0.847321802714D+00  0.345714946858D+00 -0.440310766002D+00
  0.867058459710D+00  0.337133735182D+00 -0.429308245881D+00
  0.887254842429D+00  0.328574470155D+00 -0.418344751120D+00
  0.907921659259D+00  0.320041942497D+00 -0.407428071913D+00
  0.929069868015D+00  0.311540970117D+00 -0.396565867214D+00
  0.950710681755D+00  0.303076391847D+00 -0.385765635825D+00
  0.972855574719D+00  0.294653061433D+00 -0.375034688683D+00
  0.995516288420D+00  0.286275841839D+00 -0.364380122691D+00
  0.101870483787D+01  0.277949599897D+00 -0.353808796422D+00
  0.104243351793D+01  0.269679201335D+00 -0.343327308045D+00
  0.106671490986D+01  0.261469506209D+00 -0.332941975793D+00
  0.109156188797D+01  0.253325364748D+00 -0.322658821308D+00
  0.111698762646D+01  0.245251613609D+00 -0.312483556165D+00
  0.114300560638D+01  0.237253072535D+00 -0.302421571868D+00
  0.116962962281D+01  0.229334541374D+00 -0.292477933614D+00
  0.119687379215D+01  0.221500797427D+00 -0.282657378053D+00
  0.122475255961D+01  0.213756593036D+00 -0.272964315289D+00
  0.125328070688D+01  0.206106653343D+00 -0.263402835300D+00
  0.128247335996D+01  0.198555674100D+00 -0.253976718941D+00
  0.131234599717D+01  0.191108319387D+00 -0.244689453622D+00
  0.134291445737D+01  0.183769219093D+00 -0.235544253696D+00
  0.137419494837D+01  0.176542965959D+00 -0.226544085544D+00
  0.140620405548D+01  0.169434111980D+00 -0.217691697203D+00
  0.143895875035D+01  0.162447163928D+00 -0.208989652330D+00
  0.147247639996D+01  0.155586577736D+00 -0.200440368125D+00
  0.150677477579D+01  0.148856751470D+00 -0.192046156685D+00
  0.154187206329D+01  0.142262016613D+00 -0.183809269102D+00
  0.157778687151D+01  0.135806627348D+00 -0.175731941347D+00
  0.161453824294D+01  0.129494747587D+00 -0.167816440742D+00
  0.165214566365D+01  0.123330435481D+00 -0.160065111274D+00
  0.169062907357D+01  0.117317625232D+00 -0.152480414353D+00
  0.173000887712D+01  0.111460106348D+00 -0.145064947026D+00
  0.177048300227D+01  0.105737126344D+00 -0.137790730048D+00
  0.181190406761D+01  0.100177835563D+00 -0.130693114875D+00
  0.185410878229D+01  0.948085203244D-01 -0.123804852654D+00
  0.189729657216D+01  0.896076937063D-01 -0.117098603319D+00
  0.194149033601D+01  0.845779931201D-01 -0.110578071030D+00
  0.198671350602D+01  0.797217253417D-01 -0.104247179410D+00
  0.203299006015D+01  0.750408288126D-01 -0.981100001681D-01
  0.208034453491D+01  0.705368365921D-01 -0.921706832820D-01
  0.212880203832D+01  0.662108407334D-01 -0.864333720358D-01
  0.217838826324D+01  0.620634592692D-01 -0.809021026341D-01
  0.222912950101D+01  0.580948070855D-01 -0.755806908107D-01
  0.228105265536D+01  0.543044719670D-01 -0.704726092206D-01
  0.233418525670D+01  0.506914970223D-01 -0.655808604371D-01
  0.238855547670D+01  0.472543705451D-01 -0.609078511200D-01
  0.244419214322D+01  0.439910241342D-01 -0.564552732953D-01
  0.250112475565D+01  0.408988396109D-01 -0.522239986509D-01
  0.255938350045D+01  0.379746649257D-01 -0.482139912691D-01
  0.261899926727D+01  0.352148388924D-01 -0.444242433189D-01
  0.268000366524D+01  0.326152242208D-01 -0.408527369797D-01
  0.274242903977D+01  0.301712479916D-01 -0.374964343776D-01
  0.280630848969D+01  0.278779484317D-01 -0.343512957320D-01
  0.287167588481D+01  0.257300266380D-01 -0.314123243579D-01
  0.293856588386D+01  0.237219017624D-01 -0.286736358032D-01
  0.300701395289D+01  0.218477681251D-01 -0.261285473071D-01
  0.307705638405D+01  0.201016527527D-01 -0.237696830240D-01
  0.314873031484D+01  0.184774719412D-01 -0.215890900795D-01
  0.322207374782D+01  0.169690856012D-01 -0.195783605053D-01
  0.329712557072D+01  0.155703483425D-01 -0.177287543852D-01
  0.337392557711D+01  0.142751564781D-01 -0.160313200729D-01
  0.345251448746D+01  0.130774903429D-01 -0.144770080038D-01
  0.353293397074D+01  0.119714515593D-01 -0.130567754211D-01
  0.361522666652D+01  0.109512950686D-01 -0.117616800917D-01
  0.369943620757D+01  0.100114559298D-01 -0.105829618374D-01
  0.378560724300D+01  0.914657103208D-02 -0.951211136535D-02
  0.387378546195D+01  0.835149598201D-02 -0.854092644167D-02
  0.396401761776D+01  0.762131751356D-02 -0.766155589093D-02
  0.405635155283D+01  0.695136182431D-02 -0.686653223809D-02
  0.415083622395D+01  0.633719927582D-02 -0.614879403174D-02
  0.424752172825D+01  0.577464590783D-02 -0.550169902066D-02
  0.434645932977D+01  0.525976221213D-02 -0.491902941151D-02
  0.444770148665D+01  0.478884959538D-02 -0.439499043048D-02
  0.455130187896D+01  0.435844493419D-02 -0.392420336225D-02
  0.465731543710D+01  0.396531359386D-02 -0.350169415765D-02
  0.476579837100D+01  0.360644124664D-02 -0.312287860084D-02
  0.487680819986D+01  0.327902478849D-02 -0.278354491459D-02
  0.499040378271D+01  0.298046261609D-02 -0.247983456797D-02
  0.510664534955D+01  0.270834449034D-02 -0.220822193788D-02
  0.522559453334D+01  0.246044117858D-02 -0.196549336986D-02
  0.534731440265D+01  0.223469403695D-02 -0.174872608532D-02
  0.547186949510D+01  0.202920466561D-02 -0.155526729452D-02
  0.559932585161D+01  0.184222474460D-02 -0.138271379688D-02
  0.572975105137D+01  0.167214613545D-02 -0.122889228268D-02
  0.586321424770D+01  0.151749131458D-02 -0.109184049299D-02
  0.599978620471D+01  0.137690418719D-02 -0.969789346270D-03
  0.613953933482D+01  0.124914131673D-02 -0.861146100374D-03
  0.628254773715D+01  0.113306359241D-02 -0.764478585870D-03
  0.642888723682D+01  0.102762834770D-02 -0.678500521048D-03
  0.657863542514D+01  0.931881934168D-03 -0.602057898309D-03
  0.673187170076D+01  0.844952748657D-03 -0.534116416164D-03
  0.688867731175D+01  0.766044706395D-03 -0.473749919421D-03
  0.704913539872D+01  0.694431148489D-03 -0.420129801882D-03
  0.721333103885D+01  0.629449169189D-03 -0.372515320289D-03
  0.738135129104D+01  0.570494345995D-03 -0.330244764877D-03
  0.755328524204D+01  0.517015854059D-03 -0.292727430293D-03
  0.772922405372D+01  0.468511945341D-03 -0.259436330342D-03
  0.790926101137D+01  0.424525772410D-03 -0.229901600870D-03
  0.809349157317D+01  0.384641536609D-03 -0.203704536603D-03
  0.828201342083D+01  0.348480940451D-03 -0.180472209987D-03
  0.847492651134D+01  0.315699924457D-03 -0.159872622564D-03
  0.867233313001D+01  0.285985669213D-03 -0.141610342241D-03
  0.887433794466D+01  0.259053844112D-03 -0.125422582755D-03
  0.908104806117D+01  0.234646085016D-03 -0.111075684619D-03
  0.929257308022D+01  0.212527683942D-03 -0.983619598238D-04
  0.950902515541D+01  0.192485474747D-03 -0.870968654846D-04
  0.973051905276D+01  0.174325899713D-03 -0.771164744389D-04
  0.995717221152D+01  0.157873242835D-03 -0.682752134937D-04
  0.101891048065D+02  0.142968016521D-03 -0.604438425615D-04
  0.104264398116D+02  0.129465489301D-03 -0.535076503175D-04
  0.106693030654D+02  0.117234342979D-03 -0.473648442426D-04
  0.109178233374D+02  0.106155448515D-03 -0.419251149849D-04
  0.111721323966D+02  0.961207506650D-04 -0.371083568889D-04
  0.114323650814D+02  0.870322522057D-04 -0.328435282997D-04
  0.116986593709D+02  0.788010892183D-04 -0.290676368634D-04
  0.119711564582D+02  0.713466896155D-04 -0.257248365218D-04
  0.122500008252D+02  0.645960076878D-04 -0.227656242388D-04
  0.125353403191D+02  0.584828280405D-04 -0.201461257213D-04
  0.128273262311D+02  0.529471328266D-04 -0.178274605021D-04
  0.131261133762D+02  0.479345266908D-04 -0.157751777544D-04
  0.134318601758D+02  0.433957142993D-04 -0.139587551148D-04
  0.137447287413D+02  0.392860257696D-04 -0.123511536039D-04
  0.140648849599D+02  0.355649857071D-04 -0.109284224737D-04
  0.143924985833D+02  0.321959219295D-04 -0.966934846606D-05
  0.147277433167D+02  0.291456102947D-04 -0.855514456474D-05
  0.150707969119D+02  0.263839523626D-04 -0.756917385280D-05
  0.154218412608D+02  0.238836829070D-04 -0.669670456513D-05
  0.157810624922D+02  0.216201045576D-04 -0.592469285293D-05
  0.161486510702D+02  0.195708470908D-04 -0.524159015831D-05
  0.165248018958D+02  0.177156491134D-04 -0.463717243886D-05
  0.169097144094D+02  0.160361600801D-04 -0.410238878668D-05
  0.173035926973D+02  0.145157607750D-04 -0.362922725814D-05
  0.177066455994D+02  0.131394005534D-04 -0.321059597342D-05
  0.181190868201D+02  0.118934497947D-04 -0.284021776092D-05
  0.185411350417D+02  0.107655661593D-04 -0.251253681436D-05
  0.189730140403D+02  0.974457336863D-05 -0.222263600155D-05
  0.194149528043D+02  0.882035134654D-05 -0.196616361696D-05
  0.198671856561D+02  0.798373666402D-05 -0.173926850535D-05
  0.203299523760D+02  0.722643232916D-05 -0.153854260498D-05
  0.208034983295D+02  0.654092605040D-05 -0.136097006600D-05
  0.212880745977D+02  0.592041618241D-05 -0.120388219497D-05
  0.217839381097D+02  0.535874463664D-05 -0.106491756129D-05
  0.222913517797D+02  0.485033610528D-05 -0.941986676548D-06
  0.228105846455D+02  0.439014300744D-05 -0.833240724471D-06
  0.233419120120D+02  0.397359562146D-05 -0.737043878689D-06
  0.238856155966D+02  0.359655691700D-05 -0.651948797926D-06
  0.244419836788D+02  0.325528164583D-05 -0.576674935050D-06
  0.250113112529D+02  0.294637929144D-05 -0.510089337800D-06
  0.255939001847D+02  0.266678051473D-05 -0.451189655732D-06
  0.261900593711D+02  0.241370676711D-05 -0.399089100494D-06
  0.268001049044D+02  0.218464277300D-05 -0.353003135439D-06
  0.274243602395D+02  0.197731161157D-05 -0.312237696154D-06
  0.280631563655D+02  0.178965215286D-05 -0.276178766202D-06
  0.287168319815D+02  0.161979862654D-05 -0.244283152453D-06
  0.293857336755D+02  0.146606212218D-05 -0.216070322220D-06
  0.300702161090D+02  0.132691383885D-05 -0.191115180184D-06
  0.307706422043D+02  0.120096991907D-05 -0.169041677083D-06
  0.314873833376D+02  0.108697771745D-05 -0.149517154538D-06
  0.322208195351D+02  0.983803368734D-06 -0.132247341336D-06
  0.329713396755D+02  0.890420532350D-06 -0.116971926234D-06
  0.337393416953D+02  0.805900202409D-06 -0.103460640937D-06
  0.345252328003D+02  0.729401482448D-06 -0.915097945321D-07
  0.353294296811D+02  0.660163233707D-06 -0.809392073970D-07
  0.361523587346D+02  0.597496514350D-06 -0.715894985900D-07
  0.369944562897D+02  0.540777734835D-06 -0.633196860061D-07
  0.378561688386D+02  0.489442461671D-06 -0.560050632719D-07
  0.387379532737D+02  0.442979808229D-06 -0.495353214927D-07
  0.396402771298D+02  0.400927357049D-06 -0.438128876384D-07
  0.405636188320D+02  0.362866563324D-06 -0.387514545997D-07
  0.415084679494D+02  0.328418594023D-06 -0.342746808204D-07
  0.424753254547D+02  0.297240561399D-06 -0.303150399578D-07
  0.434647039896D+02  0.269022113534D-06 -0.268128032711D-07
  0.444771281368D+02  0.243482348098D-06 -0.237151394351D-07
  0.455131346982D+02  0.220367018728D-06 -0.209753182347D-07
  0.465732729795D+02  0.199446006273D-06 -0.185520061604D-07
  0.476581050812D+02  0.180511029835D-06 -0.164086433030D-07
  0.487682061970D+02  0.163373574875D-06 -0.145128921698D-07
  0.499041649184D+02  0.147863017803D-06 -0.128361501234D-07
  0.510665835471D+02  0.133824928444D-06 -0.113531181032D-07
  0.522560784143D+02  0.121119533513D-06 -0.100414191351D-07
  0.534732802072D+02  0.109620325829D-06 -0.888126088356D-08
  0.547188343039D+02  0.992128054684D-07 -0.785513716292D-08
  0.559934011149D+02  0.897933403255D-07 -0.694756391263D-08
  0.572976564341D+02  0.812681347779D-07 -0.614484565735D-08
  0.586322917963D+02  0.735522961945D-07 -0.543486893378D-08
  0.599980148445D+02  0.665689900096D-07 -0.480691957098D-08
  0.613955497047D+02  0.602486749651D-07 -0.425152107067D-08
  0.628256373700D+02  0.545284109150D-07 -0.376029165152D-08
  0.642890360935D+02  0.493512323116D-07 -0.332581780258D-08
  0.657865217904D+02  0.446655811412D-07 -0.294154243982D-08
  0.673188884491D+02  0.404247936710D-07 -0.260166597958D-08
  0.688869485524D+02  0.365866359023D-07 -0.230105883758D-08
  0.704915335085D+02  0.331128831087D-07 -0.203518403396D-08
  0.721334940914D+02  0.299689392771D-07 -0.180002873754D-08
  0.738137008923D+02  0.271234926652D-07 -0.159204371688D-08
  0.755330447810D+02  0.245482040496D-07 -0.140808978510D-08
  0.772924373784D+02  0.222174245615D-07 -0.124539043073D-08
  0.790928115399D+02  0.201079403031D-07 -0.110148992017D-08
  0.809351218497D+02  0.181987412035D-07 -0.974216239822D-09
  0.828203451274D+02  0.164708118136D-07 -0.861648318966D-09
  0.847494809455D+02  0.149069419578D-07 -0.762087038905D-09
  0.867235521595D+02  0.134915553590D-07 -0.674029591079D-09
  0.887436054506D+02  0.122105545301D-07 -0.596146797326D-09
  0.908107118800D+02  0.110511803890D-07 -0.527263050143D-09
  0.929259674574D+02  0.100018851990D-07 -0.466338570301D-09
  0.950904937217D+02  0.905221757097D-08 -0.412453714151D-09
  0.973054383361D+02  0.819271838112D-08 -0.364795093835D-09
  0.995719756959D+02  0.741482656954D-08 -0.322643300995D-09
  0.101891307552D+03  0.671079388082D-08 -0.285362048738D-09
  0.104264663648D+03  0.607360769856D-08 -0.252388568040D-09
  0.106693302370D+03  0.549692120506D-08 -0.223225113648D-09
  0.109178511419D+03  0.497499017121D-08 -0.197431451328D-09
  0.111721608488D+03  0.450261574704D-08 -0.174618213090D-09
  0.114323941964D+03  0.407509268338D-08 -0.154441020098D-09
  0.116986891641D+03  0.368816246909D-08 -0.136595284601D-09
  0.119711869454D+03  0.333797091720D-08 -0.120811612421D-09
  0.122500320224D+03  0.302102977769D-08 -0.106851736625D-09
  0.125353722430D+03  0.273418199462D-08 -0.945049210083D-10
  0.128273588986D+03  0.247457026169D-08 -0.835847791149D-10
  0.131261468047D+03  0.223960856307D-08 -0.739264607854D-10
  0.134318943829D+03  0.202695641609D-08 -0.653841637687D-10
  0.137447637452D+03  0.183449555938D-08 -0.578289328445D-10
  0.140649207792D+03  0.166030885420D-08 -0.511467132363D-10
  0.143925352368D+03  0.150266118890D-08 -0.452366289371D-10
  0.147277808241D+03  0.135998219637D-08 -0.400094599602D-10
  0.150708352929D+03  0.123085061227D-08 -0.353862955333D-10
  0.154218805358D+03  0.111398011839D-08 -0.312973429064D-10
  0.157811026820D+03  0.100820653001D-08 -0.276808737946D-10
  0.161486921962D+03  0.912476199823D-09 -0.244822925535D-10
  0.165248439797D+03  0.825835522760D-09 -0.216533120216D-10
  0.169097574736D+03  0.747421437287D-09 -0.191512245902D-10
  0.173036367646D+03  0.676452828572D-09 -0.169382574979D-10
  0.177066906931D+03  0.612222747856D-09 -0.149810026180D-10
  0.181191329642D+03  0.554091370567D-09 -0.132499121319D-10
  0.185411822607D+03  0.501479623024D-09 -0.117188524758D-10
  0.189730623591D+03  0.453863414267D-09 -0.103647098271D-10
  0.194150022487D+03  0.410768415540D-09 -0.916704117595D-11
  0.198672362521D+03  0.371765335457D-09 -0.810776571503D-11
  0.203300041505D+03  0.336465643763D-09 -0.717089188775D-11
  0.208035513101D+03  0.304517701120D-09 -0.634227597611D-11
  0.212881288123D+03  0.275603256354D-09 -0.560940858309D-11
  0.217839935872D+03  0.249434276280D-09 -0.496122578673D-11
  0.222914085494D+03  0.225750076530D-09 -0.438794211514D-11
  0.228106427375D+03  0.204314724799D-09 -0.388090282111D-11
  0.233419714572D+03  0.184914690652D-09 -0.343245322617D-11
  0.238856764265D+03  0.167356718473D-09 -0.303582316206D-11
  0.244420459256D+03  0.151465902377D-09 -0.268502476474D-11
  0.250113749496D+03  0.137083943909D-09 -0.237476207843D-11
  0.255939653650D+03  0.124067575164D-09 -0.210035110486D-11
  0.261901260697D+03  0.112287131641D-09 -0.185764909082D-11
  0.268001731566D+03  0.101625260595D-09 -0.164299198658D-11
  0.274244300815D+03  0.919757520313D-10 -0.145313913103D-11
  0.280632278344D+03  0.832424807004D-10 -0.128522432848D-11
  0.287169051150D+03  0.753384485451D-10 -0.113671257853D-11
  0.293858085126D+03  0.681849180699D-10 -0.100536180593D-11
  0.300702926892D+03  0.617106279953D-10 -0.889189012535D-12
  0.307707205683D+03  0.558510833860D-10 -0.786440340421D-12
  0.314874635269D+03  0.505479131818D-10 -0.695564594316D-12
  0.322209015924D+03  0.457482887304D-10 -0.615189823495D-12
  0.329714236441D+03  0.414043975312D-10 -0.544102609694D-12
  0.337394276198D+03  0.374729669464D-10 -0.481229748331D-12
  0.345253207261D+03  0.339148331372D-10 -0.425622046500D-12
  0.353295196550D+03  0.306945509284D-10 -0.376439993130D-12
  0.361524508044D+03  0.277800407174D-10 -0.332941084984D-12
  0.369945505040D+03  0.251422689090D-10 -0.294468617168D-12
  0.378562652474D+03  0.227549586937D-10 -0.260441768916D-12
  0.387380519282D+03  0.205943282867D-10 -0.230346834983D-12
  0.396403780822D+03  0.186388540227D-10 -0.203729470272D-12
  0.405637221359D+03  0.168690559441D-10 -0.180187830608D-12
  0.415085736596D+03  0.152673037479D-10 -0.159366506118D-12
  0.424754336272D+03  0.138176411589D-10 -0.140951155616D-12
  0.434648146817D+03  0.125056269777D-10 -0.124663761001D-12
  0.444772414073D+03  0.113181912224D-10 -0.110258430024D-12
  0.455132506071D+03  0.102435049290D-10 -0.975176840525D-13
  0.465733915883D+03  0.927086231518D-11 -0.862491747912D-13
  0.476582264528D+03  0.839057413218D-11 -0.762827804009D-13
  0.487683303956D+03  0.759387114329D-11 -0.674680371637D-13
  0.499042920100D+03  0.687281676717D-11 -0.596718679276D-13
  0.510667135991D+03  0.622022801586D-11 -0.527765730363D-13
  0.522562114956D+03  0.562960393975D-11 -0.466780534120D-13
  0.534734163884D+03  0.509506086689D-11 -0.412842389663D-13
  0.547189736571D+03  0.461127379134D-11 -0.365136986128D-13
  0.559935437141D+03  0.417342332686D-11 -0.322944108970D-13
  0.572978023548D+03  0.377714769740D-11 -0.285626766832D-13
  0.586324411159D+03  0.341849928616D-11 -0.252621574840D-13
  0.599981676422D+03  0.309390531042D-11 -0.223430249135D-13
  0.613957060616D+03  0.280013223032D-11 -0.197612084242D-13
  0.628257973689D+03  0.253425353716D-11 -0.174777299697D-13
  0.642891998193D+03  0.229362060013D-11 -0.154581155496D-13
  0.657866893298D+03  0.207583628134D-11 -0.136718747520D-13
  0.673190598910D+03  0.187873105603D-11 -0.120920404366D-13
  0.688871239877D+03  0.170034140029D-11 -0.106947616093D-13
  0.704917130302D+03  0.153889023086D-11 -0.945894334030D-14
  0.721336777948D+03  0.139276920223D-11 -0.836592829225D-14
  0.738138888746D+03  0.126052268465D-11 -0.739921504787D-14
  0.755332371420D+03  0.114083326344D-11 -0.654420898616D-14
  0.772926342201D+03  0.103250861525D-11 -0.578800194553D-14
  0.790930129666D+03  0.934469630301D-12 -0.511917734767D-14
  0.809353279683D+03  0.845739662605D-12 -0.452763783999D-14
  0.828205560471D+03  0.765434800766D-12 -0.400445285450D-14
  0.847496967782D+03  0.692755062662D-12 -0.354172378184D-14
  0.867237730196D+03  0.626976426181D-12 -0.313246472488D-14
  0.887438314552D+03  0.567443616658D-12 -0.277049703164D-14
  0.908109431489D+03  0.513563579168D-12 -0.245035601529D-14
  0.929262041132D+03  0.464799570624D-12 -0.216720845300D-14
  0.950907358900D+03  0.420665812855D-12 -0.191677961802D-14
  0.973056861452D+03  0.380722653376D-12 -0.169528874356D-14
  0.995722292772D+03  0.344572185661D-12 -0.149939194390D-14
  0.101891567040D+04  0.311854285270D-12 -0.132613173129D-14
  0.104264929180D+04  0.282243022363D-12 -0.117289236630D-14
  0.106693574088D+04  0.255443414848D-12 -0.103736036755D-14
  0.109178789466D+04  0.231188489830D-12 -0.917489584767D-15
  0.111721893011D+04  0.209236624069D-12 -0.811470307680D-15
  0.114324233114D+04  0.189369136986D-12 -0.717701944570D-15
  0.116987189573D+04  0.171388112201D-12 -0.634768857856D-15
  0.119712174325D+04  0.155114425928D-12 -0.561418991990D-15
  0.122500632198D+04  0.140385962581D-12 -0.496544970964D-15
  0.125354041670D+04  0.127055999805D-12 -0.439167380074D-15
  0.128273915662D+04  0.114991746856D-12 -0.388419979528D-15
  0.131261802332D+04  0.104073021766D-12 -0.343536626681D-15
  0.134319285901D+04  0.941910541096D-13 -0.303839709449D-15
  0.137447987491D+04  0.852474014539D-13 -0.268729916282D-15
  0.140649565985D+04  0.771529686941D-13 -0.237677188257D-15
  0.143925718905D+04  0.698271205029D-13 -0.210212716685D-15
  0.147278183315D+04  0.631968780566D-13 -0.185921865427D-15
  0.150708736740D+04  0.571961920328D-13 -0.164437911058D-15
  0.154219198110D+04  0.517652846396D-13 -0.145436506381D-15
  0.157811428720D+04  0.468500541194D-13 -0.128630783699D-15
  0.161487333223D+04  0.424015357972D-13 -0.113767023922D-15
  0.165248860638D+04  0.383754143028D-13 -0.100620826130D-15
  0.169098005380D+04  0.347315821097D-13 -0.889937197438D-16
  0.173036808320D+04  0.314337399905D-13 -0.787101681879D-16
  0.177067357870D+04  0.284490354107D-13 -0.696149187781D-16
  0.181191791085D+04  0.257477352571D-13 -0.615706588452D-16
  0.185412294798D+04  0.233029296425D-13 -0.544559427015D-16
  0.189731106781D+04  0.210902638337D-13 -0.481633581526D-16
  0.194150516931D+04  0.190876956338D-13 -0.425979048764D-16
  0.198672868483D+04  0.172752758021D-13 -0.376755601856D-16
  0.203300559252D+04  0.156349493230D-13 -0.333220105225D-16
  0.208036042908D+04  0.141503755452D-13 -0.294715295330D-16
  0.212881830271D+04  0.128067653988D-13 -0.260659857842D-16
  0.217840490648D+04  0.115907340694D-13 -0.230539651436D-16
  0.222914653192D+04  0.104901676608D-13 -0.203899945700D-16
  0.228107008297D+04  0.949410251841D-14 -0.180338555990D-16
  0.233420309025D+04  0.859261601145D-14 -0.159499771574D-16
  0.238857372564D+04  0.777672768512D-14 -0.141068985400D-16
  0.244421081725D+04  0.703830979906D-14 -0.124767944418D-16
  0.250114386464D+04  0.637000636014D-14 -0.110350548737D-16
  0.255940305455D+04  0.576515984337D-14 -0.975991362133D-17
  0.261901927685D+04  0.521774487072D-14 -0.863211963648D-17
  0.268002414090D+04  0.472230818742D-14 -0.763464640017D-17
  0.274244999237D+04  0.427391433750D-14 -0.675243487034D-17
  0.280632993034D+04  0.386809649768D-14 -0.597216613254D-17
  0.287169782488D+04  0.350081197961D-14 -0.528206032192D-17
  0.293858833498D+04  0.316840195734D-14 -0.467169878030D-17
  0.300703692696D+04  0.286755501867D-14 -0.413186676378D-17
  0.307707989326D+04  0.259527417748D-14 -0.365441432602D-17
  0.314875437165D+04  0.234884701824D-14 -0.323213327696D-17
  0.322209836498D+04  0.212581867540D-14 -0.285864835943D-17
  0.329715076129D+04  0.192396737845D-14 -0.252832100070D-17
  0.337395135444D+04  0.174128231897D-14 -0.223616418585D-17
  0.345254086523D+04  0.157594361939D-14 -0.197776716792D-17
  0.353296096292D+04  0.142630420359D-14 -0.174922887798D-17
  0.361525428743D+04  0.129087338907D-14 -0.154709902999D-17
  0.369946447185D+04  0.116830203699D-14 -0.136832603116D-17
  0.378563616565D+04  0.105736911229D-14 -0.121021091149D-17
  0.387381505829D+04  0.956969519968D-15 -0.107036657692D-17
  0.396404790349D+04  0.866103096272D-15 -0.946681770869D-18
  0.405638254401D+04  0.783864645268D-15 -0.837289200262D-18
  0.415086793701D+04  0.709434921421D-15 -0.740537344602D-18
  0.424755418000D+04  0.642072468412D-15 -0.654965522678D-18
  0.434649253742D+04  0.581106232879D-15 -0.579281840373D-18
  0.444773546781D+04  0.525928879491D-15 -0.512343686696D-18
  0.455133665164D+04  0.475990740784D-15 -0.453140483568D-18
  0.465735101974D+04  0.430794341462D-15 -0.400778428931D-18
  0.476583478246D+04  0.389889442634D-15 -0.354467002851D-18
  0.487684545946D+04  0.352868556610D-15 -0.313507032884D-18
  0.499044191020D+04  0.319362887579D-15 -0.277280138541D-18
  0.510668436514D+04  0.289038657728D-15 -0.245239395479D-18
  0.522563445772D+04  0.261593782201D-15 -0.216901078477D-18
  0.534735525699D+04  0.236754859784D-15 -0.191837358549D-18
  0.547191130106D+04  0.214274449327D-15 -0.169669843925D-18
  0.559936863136D+04  0.193928604777D-15 -0.150063867398D-18
  0.572979482759D+04  0.175514644266D-15 -0.132723433794D-18
  0.586325904360D+04  0.158849131029D-15 -0.117386751271D-18
  0.599983204404D+04  0.143766046037D-15 -0.103822278998D-18
  0.613958624188D+04  0.130115134142D-15 -0.918252315451D-19
  0.628259573682D+04  0.117760407264D-15 -0.812144871908D-19
  0.642893635455D+04  0.106578789701D-15 -0.718298534981D-19
  0.657868568697D+04  0.964588920632D-16 -0.635296488564D-19
  0.673192313334D+04  0.872999016397D-16 -0.561885634881D-19
  0.688872994235D+04  0.790105781130D-16 -0.496957676225D-19
  0.704918925525D+04  0.715083446408D-16 -0.439532382778D-19
  0.721338614986D+04  0.647184652390D-16 -0.388742793892D-19
  0.738140768575D+04  0.585733002744D-16 -0.343822129423D-19
  0.755334295036D+04  0.530116326503D-16 -0.304092213498D-19
  0.772928310623D+04  0.479780579720D-16 -0.268953235971D-19
  0.790932143939D+04  0.434224326177D-16 -0.237874696970D-19
  0.809355340874D+04  0.392993742159D-16 -0.210387397839D-19
  0.828207669674D+04  0.355678095542D-16 -0.186076357562D-19
  0.847499126114D+04  0.321905654147D-16 -0.164574547705D-19
  0.867239938802D+04  0.291339982610D-16 -0.145557351329D-19
  0.887440574603D+04  0.263676590865D-16 -0.128737662176D-19
  0.908111744184D+04  0.238639900867D-16 -0.113861550178D-19
  0.929264407697D+04  0.215980501333D-16 -0.100704427822D-19
  0.950909780589D+04  0.195472663146D-16 -0.890676595120D-20
  0.973059339549D+04  0.176912090679D-16 -0.787755627264D-20
  0.995724828592D+04  0.160113886639D-16 -0.696727557087D-20
  0.101891826529D+05  0.144910710149D-16 -0.616218116372D-20
  0.104265194713D+05  0.131151109728D-16 -0.545011838666D-20
  0.106693845806D+05  0.118698014557D-16 -0.482033709149D-20
  0.109179067513D+05  0.107427369000D-16 -0.426332934934D-20
  0.111722177535D+05  0.972268967868D-17 -0.377068590756D-20
  0.114324524265D+05  0.879949825327D-17 -0.333496923372D-20
  0.116987487506D+05  0.796396594640D-17 -0.294960122967D-20
  0.119712479198D+05  0.720776932607D-17 -0.260876392082D-20
  0.122500944172D+05  0.652337528902D-17 -0.230731162097D-20
  0.125354360911D+05  0.590396601721D-17 -0.204069324698D-20
  0.128274242339D+05  0.534337105987D-17 -0.180488361016D-20
  0.131262136618D+05  0.483600586452D-17 -0.159632264722D-20
  0.134319627974D+05  0.437681614462D-17 -0.141186167332D-20
  0.137448337532D+05  0.396122752955D-17 -0.124871584579D-20
  0.140649924179D+05  0.358509999559D-17 -0.110442212079D-20
  0.143926085443D+05  0.324468662363D-17 -0.976802068285D-21
  0.147278558391D+05  0.293659627302D-17 -0.863928983890D-21
  0.150709120552D+05  0.265775979963D-17 -0.764098801007D-21
  0.154219590862D+05  0.240539948150D-17 -0.675804364227D-21
  0.157811830620D+05  0.217700134766D-17 -0.597712675510D-21
  0.161487744485D+05  0.197029013439D-17 -0.528644769661D-21
  0.165249281479D+05  0.178320661944D-17 -0.467557915262D-21
  0.169098436024D+05  0.161388710834D-17 -0.413529872362D-21
  0.173037248996D+05  0.146064486867D-17 -0.365744969237D-21
  0.177067808810D+05  0.132195332705D-17 -0.323481788045D-21
  0.181192252528D+05  0.119643086173D-17 -0.286102273434D-21
  0.185412766990D+05  0.108282703904D-17 -0.253042099706D-21
  0.189731589972D+05  0.980010156863D-18 -0.223802151080D-21
  0.194151011377D+05  0.886955970734D-18 -0.197940986444D-21
  0.198673374446D+05  0.802737490533D-18 -0.175068174837D-21
  0.203301077001D+05  0.726515745953D-18 -0.154838401037D-21
  0.208036572716D+05  0.657531428818D-18 -0.136946252269D-21
  0.212882372420D+05  0.595097328984D-18 -0.121121607333D-21
  0.217841045425D+05  0.538591488470D-18 -0.107125558529D-21
  0.222915220892D+05  0.487451005614D-18 -0.947468048260D-22
  0.228107589220D+05  0.441166427543D-18 -0.837984618044D-22
  0.233420903480D+05  0.399276675089D-18 -0.741152402305D-22
  0.238857980866D+05  0.361364449598D-18 -0.655509506514D-22
  0.244421704195D+05  0.327052075865D-18 -0.579762963451D-22
  0.250115023434D+05  0.295997739807D-18 -0.512769213028D-22
  0.255940957262D+05  0.267892083360D-18 -0.453516837750D-22
  0.261902594674D+05  0.242455122710D-18 -0.401111293144D-22
  0.268003096615D+05  0.219433459141D-18 -0.354761402653D-22
  0.274245697660D+05  0.198597754720D-18 -0.313767413093D-22
  0.280633707726D+05  0.179740447669D-18 -0.277510430341D-22
  0.287170513827D+05  0.162673684674D-18 -0.245443075776D-22
  0.293859581872D+05  0.147227449517D-18 -0.217081222397D-22
  0.300704458503D+05  0.133247869406D-18 -0.191996685864D-22
  0.307708772970D+05  0.120595682120D-18 -0.169810760118D-22
  0.314876239062D+05  0.109144848700D-18 -0.150188499984D-22
  0.322210657074D+05  0.987812978733D-19 -0.132833664438D-22
  0.329715915819D+05  0.894017896927D-19 -0.117484244198D-22
  0.337395994693D+05  0.809128870781D-19 -0.103908506125D-22
  0.345254965786D+05  0.732300250119D-19 -0.919014946965D-23
  0.353296996036D+05  0.662766681166D-19 -0.812819377584D-23
  0.361526349445D+05  0.599835482225D-19 -0.718895098233D-23
  0.369947389333D+05  0.542879743295D-19 -0.635824116051D-23
  0.378564580658D+05  0.491332080900D-19 -0.562352292491D-23
  0.387382492379D+05  0.444678985914D-19 -0.497370409342D-23
  0.396405799879D+05  0.402455708064D-19 -0.439897422650D-23
  0.405639287446D+05  0.364241626171D-19 -0.389065651714D-23
  0.415087850808D+05  0.329656057988D-19 -0.344107679540D-23
  0.424756499730D+05  0.298354467914D-19 -0.304344766999D-23
  0.434650360669D+05  0.270025034781D-19 -0.269176605774D-23
  0.444774679492D+05  0.244385545551D-19 -0.238072255392D-23
  0.455134824259D+05  0.221180583950D-19 -0.210562127508D-23
  0.465736288068D+05  0.200178986061D-19 -0.186230896447D-23
  0.476584691968D+05  0.181171537505D-19 -0.164711228946D-23
  0.487685787939D+05  0.163968889282D-19 -0.145678238458D-23
  0.499045461942D+05  0.148399671507D-19 -0.128844580276D-23
  0.510669737040D+05  0.134308786258D-19 -0.113956113433D-23
  0.522564776591D+05  0.121555862508D-19 -0.100788063890D-23
  0.534736887517D+05  0.110013857781D-19 -0.891416310777D-24
  0.547192523646D+05  0.995677925701D-20 -0.788409865662D-24
  0.559938289135D+05  0.901136049332D-20 -0.697306195498D-24
  0.572980941974D+05  0.815571138462D-20 -0.616729890704D-24
  0.586327397564D+05  0.738130809865D-20 -0.545464475353D-24
  0.599984732389D+05  0.668043616035D-20 -0.482434041801D-24
  0.613960187765D+05  0.604611360155D-20 -0.426687007504D-24
  0.628261173680D+05  0.547202140779D-20 -0.377381748795D-24
  0.642895272721D+05  0.495244056937D-20 -0.333773894725D-24
  0.657870244100D+05  0.448219510950D-20 -0.295205089159D-24
  0.673194027762D+05  0.405660052216D-20 -0.261093051441D-24
  0.688874748598D+05  0.367141710576D-20 -0.230922785597D-24
  0.704920720751D+05  0.332280772800D-20 -0.204238805335D-24
  0.721340452029D+05  0.300729960100D-20 -0.180638257489D-24
  0.738142648408D+05  0.272174968596D-20 -0.159764840062D-24
  0.755336218656D+05  0.246331338273D-20 -0.141303423066D-24
  0.772930279051D+05  0.222941619240D-20 -0.124975290949D-24
  0.790934158217D+05  0.201772807056D-20 -0.110533934769D-24
  0.809357402071D+05  0.182614021581D-20 -0.977613306017D-25
  0.828209778882D+05  0.165274406223D-20 -0.864646479923D-25
  0.847501284451D+05  0.149581226654D-20 -0.764733387569D-25
  0.867242147414D+05  0.135378150063D-20 -0.676365621838D-25
  0.887442834660D+05  0.122523687795D-20 -0.598209077622D-25
  0.908114056884D+05  0.110889785862D-20 -0.529083810582D-25
  0.929266774267D+05  0.100360549293D-20 -0.467946223305D-25
  0.950912202284D+05  0.908310876075D-21 -0.413873309910D-25
  0.973061817653D+05  0.822064699135D-21 -0.366048721253D-25
  0.995727364418D+05  0.744007792225D-21 -0.323750440346D-25
  0.101892086018D+06  0.673362565592D-21 -0.286339881930D-25
  0.104265460246D+06  0.609425263389D-21 -0.253252251630D-25
  0.106694117524D+06  0.551558952985D-21 -0.223988019144D-25
  0.109179345561D+06  0.499187179943D-21 -0.198105376743D-25
  0.111722462059D+06  0.451788225486D-21 -0.175213569210D-25
  0.114324815417D+06  0.408889909214D-21 -0.154966994536D-25
  0.116987785440D+06  0.370064885327D-21 -0.137059986300D-25
  0.119712784071D+06  0.334926385481D-21 -0.121222198964D-25
  0.122501256146D+06  0.303124365858D-21 -0.107214526416D-25
  0.125354680153D+06  0.274342020097D-21 -0.948254921360D-26
  0.128274569017D+06  0.248292623320D-21 -0.838680564978D-26
  0.131262470905D+06  0.224716675824D-21 -0.741767929939D-26
  0.134319970048D+06  0.203379317993D-21 -0.656053907605D-26
  0.137448687574D+06  0.184067990662D-21 -0.580244456941D-26
  0.140650282374D+06  0.166590317642D-21 -0.513195068131D-26
  0.143926451981D+06  0.150772189300D-21 -0.453893483692D-26
  0.147278933467D+06  0.136456028106D-21 -0.401444416230D-26
  0.150709504365D+06  0.123499218874D-21 -0.355056032114D-26
  0.154219983615D+06  0.111772688053D-21 -0.314027997013D-26
  0.157812232522D+06  0.101159617919D-21 -0.277740902811D-26
  0.161488155748D+06  0.915542828556D-22 -0.245646916288D-26
  0.165249702322D+06  0.828609961329D-22 -0.217261508373D-26
  0.169098866669D+06  0.749931566934D-22 -0.192156139120D-26
  0.173037689672D+06  0.678723864461D-22 -0.169951787954D-26
  0.177068259751D+06  0.614277494774D-22 -0.150313231526D-26
  0.181192713973D+06  0.555950453998D-22 -0.132943982784D-26
  0.185413239183D+06  0.503161697979D-22 -0.117581814847D-26
  0.189732073164D+06  0.455385354022D-22 -0.103994802121D-26
  0.194151505824D+06  0.412145482240D-22 -0.919778188678D-27
  0.198673880410D+06  0.373011334313D-22 -0.813494423871D-27
  0.203301594750D+06  0.337593062455D-22 -0.719492140403D-27
  0.208037102526D+06  0.305537835807D-22 -0.636352167774D-27
  0.212882914570D+06  0.276526325603D-22 -0.562819325870D-27
  0.217841600204D+06  0.250269524065D-22 -0.497783475274D-27
  0.222915788593D+06  0.226505865362D-22 -0.440262757277D-27
  0.228108170145D+06  0.204998619927D-22 -0.389388770565D-27
  0.233421497936D+06  0.185533536206D-22 -0.344393460806D-27
  0.238858589169D+06  0.167916706315D-22 -0.304597525177D-27
  0.244422326667D+06  0.151972634361D-22 -0.269400156805D-27
  0.250115660405D+06  0.137542488186D-22 -0.238269974270D-27
  0.255941609070D+06  0.124482517106D-22 -0.210736999236D-27
  0.261903261665D+06  0.112662619889D-22 -0.186385561097D-27
  0.268003779142D+06  0.101965048709D-22 -0.164848021521D-27
  0.274246396085D+06  0.922832361662D-23 -0.145799224144D-27
  0.280634422419D+06  0.835207336740D-23 -0.128951585616D-27
  0.287171245168D+06  0.755902506592D-23 -0.114050753909D-27
  0.293860330249D+06  0.684127849861D-23 -0.100871768308D-27
  0.300705224311D+06  0.619168359509D-23 -0.892156631401D-28
  0.307709556616D+06  0.560376920038D-23 -0.789064639494D-28
  0.314877040962D+06  0.507167861032D-23 -0.697885307786D-28
  0.322211477652D+06  0.459011122811D-23 -0.617242084421D-28
  0.329716755511D+06  0.415426976061D-23 -0.545917483188D-28
  0.337396853944D+06  0.375981242857D-23 -0.482834702902D-28
  0.345255845051D+06  0.340280971449D-23 -0.427041370731D-28
  0.353297895783D+06  0.307970521748D-23 -0.377695164038D-28
  0.361527270149D+06  0.278728022498D-23 -0.334051093676D-28
  0.369948331483D+06  0.252262164849D-23 -0.295450256745D-28
  0.378565544754D+06  0.228309300385D-23 -0.261309889005D-28
  0.387383478931D+06  0.206630814706D-23 -0.231114566777D-28
  0.396406809411D+06  0.187010750391D-23 -0.204408425491D-28
  0.405640320493D+06  0.169253655663D-23 -0.180788277408D-28
  0.415088907918D+06  0.153182637338D-23 -0.159897524624D-28
  0.424757581463D+06  0.138637598637D-23 -0.141420775436D-28
  0.434651467599D+06  0.125473644337D-23 -0.125079082819D-28
  0.444775812206D+06  0.113559637342D-23 -0.110625733104D-28
  0.455135983357D+06  0.102776892322D-23 -0.978425212996D-29
  0.465737474165D+06  0.930179933871D-24 -0.865364568048D-29
  0.476585905693D+06  0.841857240309D-24 -0.765368497956D-29
  0.487687029935D+06  0.761920986741D-24 -0.676927342871D-29
  0.499046732868D+06  0.689574861675D-24 -0.598705889712D-29
  0.510671037570D+06  0.624098165202D-24 -0.529523214199D-29
  0.522566107414D+06  0.564838629503D-24 -0.468334852210D-29
  0.534738249339D+06  0.511205921068D-24 -0.414217031308D-29
  0.547193917188D+06  0.462665759892D-24 -0.366352724373D-29
  0.559939715137D+06  0.418734597066D-24 -0.324019314782D-29
  0.572982401192D+06  0.378974797748D-24 -0.286577686931D-29
  0.586328890772D+06  0.342990281516D-24 -0.253462577384D-29
  0.599986260379D+06  0.310422576682D-24 -0.224174040980D-29
  0.613961751346D+06  0.280947249257D-24 -0.198269903068D-29
  0.628262773681D+06  0.254270670996D-24 -0.175359083910D-29
  0.642896909991D+06  0.230127094320D-24 -0.155095694475D-29
  0.657871919507D+06  0.208276004986D-24 -0.137173814485D-29
  0.673195742194D+06  0.188499726123D-24 -0.121322873882D-29
  0.688876502964D+06  0.170601249774D-24 -0.107303567975D-29
  0.704922515983D+06  0.154402274333D-24 -0.949042446144D-30
  0.721342289076D+06  0.139741428335D-24 -0.839377088364D-30
  0.738144528246D+06  0.126472662902D-24 -0.742383967475D-30
  0.755338142281D+06  0.114463796829D-24 -0.656598759728D-30
  0.772932247483D+06  0.103595199816D-24 -0.580726349389D-30
  0.790936172500D+06  0.937586007293D-25 -0.513621276126D-30
  0.809359463272D+06  0.848560090270D-25 -0.454270441779D-30
  0.828211888095D+06  0.767987385902D-25 -0.401777815418D-30
  0.847503442795D+06  0.695065242482D-25 -0.355350905794D-30
  0.867244356032D+06  0.629067221904D-25 -0.314288796950D-30
  0.887445094723D+06  0.569335863006D-25 -0.277971566352D-30
  0.908116369591D+06  0.515276132054D-25 -0.245850925805D-30
  0.929269140844D+06  0.466349495117D-25 -0.217441943838D-30
  0.950914623985D+06  0.422068553280D-25 -0.192315724600D-30
  0.973064295762D+06  0.381992187261D-25 -0.170092932742D-30
  0.995729900251D+06  0.345721163054D-25 -0.150438066513D-30
  0.101892345508D+07  0.312894154826D-25 -0.133054392627D-30
  0.104265725781D+07  0.283184145453D-25 -0.117679466425D-30
  0.106694389244D+07  0.256295168827D-25 -0.104081169699D-30
  0.109179623609D+07  0.231959361492D-25 -0.920542063531D-31
  0.111722746584D+07  0.209934294236D-25 -0.814170030163D-31
  0.114325106570D+07  0.190000557049D-25 -0.720089677894D-31
  0.116988083374D+07  0.171959573401D-25 -0.636880657601D-31
  0.119713088946D+07  0.155631622052D-25 -0.563286746747D-31
  0.122501568122D+07  0.140854046701D-25 -0.498196883943D-31
  0.125354999395D+07  0.127479635632D-25 -0.440628395047D-31
  0.128274895695D+07  0.115375155215D-25 -0.389712157541D-31
  0.131262805193D+07  0.104420022657D-25 -0.344679479223D-31
  0.134320312122D+07  0.945051047719D-26 -0.304850493109D-31
  0.137449037616D+07  0.855316308183D-26 -0.269623893359D-31
  0.140650640570D+07  0.774102085606D-26 -0.238467857240D-31
  0.143926818521D+07  0.700599337586D-26 -0.210912016097D-31
  0.147279308544D+07  0.634075842132D-26 -0.186540354114D-31
  0.150709888179D+07  0.573868903388D-26 -0.164984927634D-31
  0.154220376369D+07  0.519378749975D-26 -0.145920310249D-31
  0.157812634424D+07  0.470062560165D-26 -0.129058679776D-31
  0.161488567012D+07  0.425429054383D-26 -0.114145472943D-31
  0.165250123166D+07  0.385033601166D-26 -0.100955542208D-31
  0.169099297315D+07  0.348473787813D-26 -0.892897566565D-32
  0.173038130349D+07  0.315385411625D-26 -0.789719956863D-32
  0.177068710693D+07  0.285438851771D-26 -0.698464900815D-32
  0.181193175419D+07  0.258335785668D-26 -0.617754703336D-32
  0.185413711377D+07  0.233806217137D-26 -0.546370867094D-32
  0.189732556357D+07  0.211605786751D-26 -0.483235696625D-32
  0.194152000272D+07  0.191513337560D-26 -0.427396028149D-32
  0.198674386376D+07  0.173328711973D-26 -0.378008839482D-32
  0.203302112501D+07  0.156870757812D-26 -0.334328522764D-32
  0.208037632337D+07  0.141975523711D-26 -0.295695627878D-32
  0.212883456722D+07  0.128494625858D-26 -0.261526906598D-32
  0.217842154984D+07  0.116293769818D-26 -0.231306507186D-32
  0.222916356296D+07  0.105251412721D-26 -0.204578186477D-32
  0.228108751071D+07  0.952575524641D-27 -0.180938421885D-32
  0.233422092394D+07  0.862126318962D-27 -0.160030319352D-32
  0.238859197473D+07  0.780265470423D-27 -0.141538225243D-32
  0.244422949141D+07  0.706177495042D-27 -0.125182960867D-32
  0.250116297378D+07  0.639124340890D-27 -0.110717607661D-32
  0.255942260880D+07  0.578438035744D-27 -0.979237794122D-33
  0.261903928657D+07  0.523514032855D-27 -0.866083252425D-33
  0.268004461671D+07  0.473805188560D-27 -0.766004135700D-33
  0.274247094512D+07  0.428816311727D-27 -0.677489530328D-33
  0.280635137115D+07  0.388099230746D-27 -0.599203114333D-33
  0.287171976511D+07  0.351248328914D-27 -0.529962982679D-33
  0.293861078627D+07  0.317896503758D-27 -0.468723803819D-33
  0.300705990121D+07  0.287711510013D-27 -0.414561038123D-33
  0.307710340264D+07  0.260392649857D-27 -0.366656979930D-33
  0.314877842864D+07  0.235667777409D-27 -0.324288412486D-33
  0.322212298233D+07  0.213290587654D-27 -0.286815689403D-33
  0.329717595205D+07  0.193038162798D-27 -0.253673077791D-33
  0.337397713197D+07  0.174708751598D-27 -0.224360217288D-33
  0.345256724319D+07  0.158119759546D-27 -0.198434566017D-33
  0.353298795531D+07  0.143105929899D-27 -0.175504719447D-33
  0.361528190855D+07  0.129517697415D-27 -0.155224501288D-33
  0.369949273636D+07  0.117219698412D-27 -0.137287737196D-33
  0.378566508852D+07  0.106089422295D-27 -0.121423632403D-33
  0.387384465486D+07  0.960159911293D-28 -0.107392683477D-33
  0.396407818945D+07  0.868990550907D-28 -0.949830624910D-34
  0.405641353543D+07  0.786477927982D-28 -0.840074190164D-34
  0.415089965031D+07  0.711800065671D-28 -0.743000516589D-34
  0.424758663199D+07  0.644213035691D-28 -0.657144064316D-34
  0.434652574532D+07  0.583043547437D-28 -0.581208642018D-34
  0.444776944922D+07  0.527682240771D-28 -0.514047838062D-34
  0.455137142458D+07  0.477577615685D-28 -0.454647712909D-34
  0.465738660265D+07  0.432230538344D-28 -0.402111491476D-34
  0.476587119421D+07  0.391189268805D-28 -0.355646024352D-34
  0.487688271934D+07  0.354044960854D-28 -0.314549813469D-34
  0.499048003797D+07  0.320427589155D-28 -0.278202421449D-34
  0.510672338103D+07  0.290002263113D-28 -0.246055104743D-34
  0.522567438241D+07  0.262465890757D-28 -0.217622529146D-34
  0.534739611164D+07  0.237544159385D-28 -0.192475442610D-34
  0.547195310734D+07  0.214988802907D-28 -0.170234194746D-34
  0.559941141144D+07  0.194575128663D-28 -0.150563005171D-34
  0.572983860414D+07  0.176099779069D-28 -0.133164894162D-34
  0.586330383984D+07  0.159378705805D-28 -0.117777199100D-34
  0.599987788372D+07  0.144245336357D-28 -0.104167609002D-34
  0.613963314931D+07  0.130548914646D-28 -0.921306572757D-35
  0.628264373686D+07  0.118152999229D-28 -0.814846197526D-35
  0.642898547266D+07  0.106934104084D-28 -0.720687711622D-35
  0.657873594919D+07  0.967804684675D-29 -0.637409586325D-35
  0.673197456631D+07  0.875909435724D-29 -0.563754555804D-35
  0.688878257336D+07  0.792739849000D-29 -0.498610635936D-35
  0.704924311218D+07  0.717467403092D-29 -0.440994336471D-35
  0.721344126129D+07  0.649342246576D-29 -0.390035813083D-35
  0.738146408089D+07  0.587685728119D-29 -0.344965735172D-35
  0.755340065911D+07  0.531883635873D-29 -0.305103671127D-35
  0.772934215920D+07  0.481380078797D-29 -0.269847815722D-35
  0.790938186788D+07  0.435671948963D-29 -0.238665904547D-35
  0.809361524479D+07  0.394303909683D-29 -0.211087178307D-35
  0.828213997313D+07  0.356863859520D-29 -0.186695275684D-35
  0.847505601143D+07  0.322978827001D-29 -0.165121947445D-35
  0.867246564655D+07  0.292311255142D-29 -0.146041496915D-35
  0.887447354792D+07  0.264555638758D-29 -0.129165862875D-35
  0.908118682303D+07  0.239435481076D-29 -0.114240270640D-35
  0.929271507426D+07  0.216700539316D-29 -0.101039385681D-35
  0.950917045692D+07  0.196124331819D-29 -0.893639117064D-36
  0.973066773879D+07  0.177501881873D-29 -0.790375818466D-36
  0.995732436090D+07  0.160647675769D-29 -0.699044975188D-36
  0.101892604999D+08  0.145393814745D-29 -0.618267747974D-36
  0.104265991316D+08  0.131588342408D-29 -0.546824627531D-36
  0.106694660964D+08  0.119093730969D-29 -0.483637023368D-36
  0.109179901658D+08  0.107785511212D-29 -0.427750980105D-36
  0.111723031110D+08  0.975510325585D-30 -0.378322775429D-36
