  0.750000000000E+00  0.500000000000E+00  0.290440598533E+01  0.254688304179E+00
  0.000000000000E+00  0.100000000000E+01 -0.184087746710E+01
  0.990755016893E-05  0.999981761502E+00 -0.184085973002E+01
  0.101383266209E-04  0.999981336675E+00 -0.184085931687E+01
  0.103744785462E-04  0.999980901953E+00 -0.184085889409E+01
  0.106161311555E-04  0.999980457104E+00 -0.184085846147E+01
  0.108634125763E-04  0.999980001894E+00 -0.184085801876E+01
  0.111164539204E-04  0.999979536081E+00 -0.184085756575E+01
  0.113753893536E-04  0.999979059418E+00 -0.184085710219E+01
  0.116403561668E-04  0.999978571652E+00 -0.184085662782E+01
  0.119114948490E-04  0.999978072525E+00 -0.184085614241E+01
  0.121889491614E-04  0.999977561771E+00 -0.184085564569E+01
  0.124728662139E-04  0.999977039121E+00 -0.184085513740E+01
  0.127633965430E-04  0.999976504297E+00 -0.184085461727E+01
  0.130606941917E-04  0.999975957015E+00 -0.184085408502E+01
  0.133649167912E-04  0.999975396986E+00 -0.184085354038E+01
  0.136762256441E-04  0.999974823912E+00 -0.184085298305E+01
  0.139947858106E-04  0.999974237489E+00 -0.184085241274E+01
  0.143207661953E-04  0.999973637408E+00 -0.184085182914E+01
  0.146543396375E-04  0.999973023349E+00 -0.184085123195E+01
  0.149956830019E-04  0.999972394986E+00 -0.184085062085E+01
  0.153449772734E-04  0.999971751988E+00 -0.184084999551E+01
  0.157024076524E-04  0.999971094012E+00 -0.184084935561E+01
  0.160681636531E-04  0.999970420711E+00 -0.184084870080E+01
  0.164424392040E-04  0.999969731726E+00 -0.184084803074E+01
  0.168254327511E-04  0.999969026693E+00 -0.184084734508E+01
  0.172173473625E-04  0.999968305239E+00 -0.184084664344E+01
  0.176183908364E-04  0.999967566979E+00 -0.184084592545E+01
  0.180287758113E-04  0.999966811524E+00 -0.184084519074E+01
  0.184487198787E-04  0.999966038472E+00 -0.184084443892E+01
  0.188784456984E-04  0.999965247414E+00 -0.184084366959E+01
  0.193181811167E-04  0.999964437930E+00 -0.184084288233E+01
  0.197681592871E-04  0.999963609591E+00 -0.184084207674E+01
  0.202286187937E-04  0.999962761958E+00 -0.184084125238E+01
  0.206998037784E-04  0.999961894581E+00 -0.184084040882E+01
  0.211819640695E-04  0.999961007001E+00 -0.184083954561E+01
  0.216753553147E-04  0.999960098747E+00 -0.184083866229E+01
  0.221802391165E-04  0.999959169338E+00 -0.184083775840E+01
  0.226968831709E-04  0.999958218280E+00 -0.184083683345E+01
  0.232255614093E-04  0.999957245070E+00 -0.184083588695E+01
  0.237665541438E-04  0.999956249192E+00 -0.184083491841E+01
  0.243201482158E-04  0.999955230117E+00 -0.184083392731E+01
  0.248866371482E-04  0.999954187305E+00 -0.184083291312E+01
  0.254663213008E-04  0.999953120203E+00 -0.184083187531E+01
  0.260595080296E-04  0.999952028247E+00 -0.184083081332E+01
  0.266665118502E-04  0.999950910856E+00 -0.184082972659E+01
  0.272876546037E-04  0.999949767438E+00 -0.184082861455E+01
  0.279232656282E-04  0.999948597387E+00 -0.184082747661E+01
  0.285736819330E-04  0.999947400084E+00 -0.184082631216E+01
  0.292392483773E-04  0.999946174892E+00 -0.184082512058E+01
  0.299203178531E-04  0.999944921162E+00 -0.184082390125E+01
  0.306172514724E-04  0.999943638231E+00 -0.184082265352E+01
  0.313304187584E-04  0.999942325417E+00 -0.184082137672E+01
  0.320601978419E-04  0.999940982024E+00 -0.184082007018E+01
  0.328069756611E-04  0.999939607341E+00 -0.184081873320E+01
  0.335711481674E-04  0.999938200639E+00 -0.184081736508E+01
  0.343531205352E-04  0.999936761171E+00 -0.184081596510E+01
  0.351533073763E-04  0.999935288175E+00 -0.184081453250E+01
  0.359721329603E-04  0.999933780869E+00 -0.184081306653E+01
  0.368100314392E-04  0.999932238455E+00 -0.184081156641E+01
  0.376674470777E-04  0.999930660115E+00 -0.184081003134E+01
  0.385448344888E-04  0.999929045013E+00 -0.184080846052E+01
  0.394426588748E-04  0.999927392291E+00 -0.184080685311E+01
  0.403613962739E-04  0.999925701073E+00 -0.184080520825E+01
  0.413015338126E-04  0.999923970464E+00 -0.184080352508E+01
  0.422635699642E-04  0.999922199545E+00 -0.184080180270E+01
  0.432480148128E-04  0.999920387378E+00 -0.184080004020E+01
  0.442553903239E-04  0.999918533002E+00 -0.184079823664E+01
  0.452862306212E-04  0.999916635434E+00 -0.184079639107E+01
  0.463410822697E-04  0.999914693668E+00 -0.184079450251E+01
  0.474205045655E-04  0.999912706675E+00 -0.184079256995E+01
  0.485250698324E-04  0.999910673400E+00 -0.184079059238E+01
  0.496553637253E-04  0.999908592767E+00 -0.184078856874E+01
  0.508119855409E-04  0.999906463672E+00 -0.184078649796E+01
  0.519955485351E-04  0.999904284986E+00 -0.184078437894E+01
  0.532066802485E-04  0.999902055555E+00 -0.184078221056E+01
  0.544460228389E-04  0.999899774197E+00 -0.184077999167E+01
  0.557142334221E-04  0.999897439702E+00 -0.184077772109E+01
  0.570119844197E-04  0.999895050832E+00 -0.184077539762E+01
  0.583399639164E-04  0.999892606322E+00 -0.184077302002E+01
  0.596988760243E-04  0.999890104875E+00 -0.184077058704E+01
  0.610894412562E-04  0.999887545165E+00 -0.184076809738E+01
  0.625123969081E-04  0.999884925835E+00 -0.184076554972E+01
  0.639684974495E-04  0.999882245497E+00 -0.184076294272E+01
  0.654585149241E-04  0.999879502730E+00 -0.184076027498E+01
  0.669832393587E-04  0.999876696080E+00 -0.184075754511E+01
  0.685434791819E-04  0.999873824059E+00 -0.184075475163E+01
  0.701400616533E-04  0.999870885145E+00 -0.184075189309E+01
  0.717738333019E-04  0.999867877779E+00 -0.184074896795E+01
  0.734456603746E-04  0.999864800367E+00 -0.184074597467E+01
  0.751564292961E-04  0.999861651279E+00 -0.184074291167E+01
  0.769070471385E-04  0.999858428844E+00 -0.184073977730E+01
  0.786984421020E-04  0.999855131355E+00 -0.184073656993E+01
  0.805315640078E-04  0.999851757064E+00 -0.184073328783E+01
  0.824073848011E-04  0.999848304181E+00 -0.184072992928E+01
  0.843268990665E-04  0.999844770877E+00 -0.184072649248E+01
  0.862911245556E-04  0.999841155279E+00 -0.184072297563E+01
  0.883011027264E-04  0.999837455469E+00 -0.184071937684E+01
  0.903578992956E-04  0.999833669488E+00 -0.184071569422E+01
  0.924626048036E-04  0.999829795327E+00 -0.184071192581E+01
  0.946163351928E-04  0.999825830934E+00 -0.184070806961E+01
  0.968202323991E-04  0.999821774207E+00 -0.184070412358E+01
  0.990754649577E-04  0.999817622996E+00 -0.184070008562E+01
  0.101383228622E-03  0.999813375100E+00 -0.184069595359E+01
  0.103744746999E-03  0.999809028268E+00 -0.184069172530E+01
  0.106161272197E-03  0.999804580195E+00 -0.184068739851E+01
  0.108634085488E-03  0.999800028524E+00 -0.184068297091E+01
  0.111164497990E-03  0.999795370843E+00 -0.184067844018E+01
  0.113753851362E-03  0.999790604682E+00 -0.184067380389E+01
  0.116403518512E-03  0.999785727515E+00 -0.184066905959E+01
  0.119114904329E-03  0.999780736758E+00 -0.184066420476E+01
  0.121889446424E-03  0.999775629764E+00 -0.184065923683E+01
  0.124728615896E-03  0.999770403828E+00 -0.184065415317E+01
  0.127633918110E-03  0.999765056179E+00 -0.184064895107E+01
  0.130606893495E-03  0.999759583983E+00 -0.184064362777E+01
  0.133649118362E-03  0.999753984339E+00 -0.184063818046E+01
  0.136762205737E-03  0.999748254280E+00 -0.184063260624E+01
  0.139947806221E-03  0.999742390769E+00 -0.184062690216E+01
  0.143207608860E-03  0.999736390698E+00 -0.184062106519E+01
  0.146543342044E-03  0.999730250888E+00 -0.184061509223E+01
  0.149956774424E-03  0.999723968083E+00 -0.184060898011E+01
  0.153449715844E-03  0.999717538955E+00 -0.184060272559E+01
  0.157024018308E-03  0.999710960095E+00 -0.184059632536E+01
  0.160681576959E-03  0.999704228018E+00 -0.184058977602E+01
  0.164424331081E-03  0.999697339156E+00 -0.184058307408E+01
  0.168254265132E-03  0.999690289857E+00 -0.184057621601E+01
  0.172173409792E-03  0.999683076386E+00 -0.184056919815E+01
  0.176183843045E-03  0.999675694921E+00 -0.184056201678E+01
  0.180287691272E-03  0.999668141549E+00 -0.184055466810E+01
  0.184487130389E-03  0.999660412267E+00 -0.184054714821E+01
  0.188784386993E-03  0.999652502980E+00 -0.184053945311E+01
  0.193181739546E-03  0.999644409497E+00 -0.184053157872E+01
  0.197681519581E-03  0.999636127528E+00 -0.184052352087E+01
  0.202286112941E-03  0.999627652684E+00 -0.184051527527E+01
  0.206997961041E-03  0.999618980476E+00 -0.184050683755E+01
  0.211819562164E-03  0.999610106307E+00 -0.184049820324E+01
  0.216753472787E-03  0.999601025475E+00 -0.184048936775E+01
  0.221802308933E-03  0.999591733168E+00 -0.184048032640E+01
  0.226968747561E-03  0.999582224464E+00 -0.184047107438E+01
  0.232255527985E-03  0.999572494322E+00 -0.184046160679E+01
  0.237665453325E-03  0.999562537589E+00 -0.184045191859E+01
  0.243201391993E-03  0.999552348987E+00 -0.184044200466E+01
  0.248866279216E-03  0.999541923119E+00 -0.184043185973E+01
  0.254663118593E-03  0.999531254462E+00 -0.184042147841E+01
  0.260594983682E-03  0.999520337361E+00 -0.184041085519E+01
  0.266665019637E-03  0.999509166034E+00 -0.184039998444E+01
  0.272876444869E-03  0.999497734562E+00 -0.184038886038E+01
  0.279232552758E-03  0.999486036888E+00 -0.184037747711E+01
  0.285736713395E-03  0.999474066815E+00 -0.184036582859E+01
  0.292392375370E-03  0.999461818002E+00 -0.184035390864E+01
  0.299203067603E-03  0.999449283959E+00 -0.184034171092E+01
  0.306172401212E-03  0.999436458047E+00 -0.184032922896E+01
  0.313304071429E-03  0.999423333472E+00 -0.184031645614E+01
  0.320601859557E-03  0.999409903280E+00 -0.184030338568E+01
  0.328069634981E-03  0.999396160357E+00 -0.184029001063E+01
  0.335711357212E-03  0.999382097425E+00 -0.184027632390E+01
  0.343531077990E-03  0.999367707032E+00 -0.184026231821E+01
  0.351532943435E-03  0.999352981558E+00 -0.184024798614E+01
  0.359721196239E-03  0.999337913203E+00 -0.184023332007E+01
  0.368100177921E-03  0.999322493984E+00 -0.184021831221E+01
  0.376674331128E-03  0.999306715736E+00 -0.184020295460E+01
  0.385448201986E-03  0.999290570102E+00 -0.184018723908E+01
  0.394426442517E-03  0.999274048531E+00 -0.184017115730E+01
  0.403613813102E-03  0.999257142272E+00 -0.184015470073E+01
  0.413015185003E-03  0.999239842372E+00 -0.184013786063E+01
  0.422635542953E-03  0.999222139670E+00 -0.184012062804E+01
  0.432479987789E-03  0.999204024791E+00 -0.184010299382E+01
  0.442553739165E-03  0.999185488142E+00 -0.184008494861E+01
  0.452862138316E-03  0.999166519907E+00 -0.184006648282E+01
  0.463410650890E-03  0.999147110042E+00 -0.184004758663E+01
  0.474204869846E-03  0.999127248270E+00 -0.184002825002E+01
  0.485250518420E-03  0.999106924074E+00 -0.184000846270E+01
  0.496553453159E-03  0.999086126693E+00 -0.183998821418E+01
  0.508119667026E-03  0.999064845116E+00 -0.183996749368E+01
  0.519955292581E-03  0.999043068075E+00 -0.183994629020E+01
  0.532066605224E-03  0.999020784041E+00 -0.183992459248E+01
  0.544460026534E-03  0.998997981218E+00 -0.183990238899E+01
  0.557142127664E-03  0.998974647534E+00 -0.183987966792E+01
  0.570119632829E-03  0.998950770637E+00 -0.183985641721E+01
  0.583399422873E-03  0.998926337888E+00 -0.183983262450E+01
  0.596988538913E-03  0.998901336355E+00 -0.183980827714E+01
  0.610894186077E-03  0.998875752803E+00 -0.183978336219E+01
  0.625123737320E-03  0.998849573693E+00 -0.183975786642E+01
  0.639684737336E-03  0.998822785168E+00 -0.183973177626E+01
  0.654584906558E-03  0.998795373053E+00 -0.183970507785E+01
  0.669832145250E-03  0.998767322838E+00 -0.183967775700E+01
  0.685434537698E-03  0.998738619682E+00 -0.183964979918E+01
  0.701400356493E-03  0.998709248395E+00 -0.183962118953E+01
  0.717738066922E-03  0.998679193436E+00 -0.183959191283E+01
  0.734456331451E-03  0.998648438902E+00 -0.183956195352E+01
  0.751564014324E-03  0.998616968522E+00 -0.183953129566E+01
  0.769070186257E-03  0.998584765645E+00 -0.183949992296E+01
  0.786984129251E-03  0.998551813236E+00 -0.183946781872E+01
  0.805315341513E-03  0.998518093862E+00 -0.183943496588E+01
  0.824073542491E-03  0.998483589687E+00 -0.183940134695E+01
  0.843268678029E-03  0.998448282459E+00 -0.183936694404E+01
  0.862910925637E-03  0.998412153504E+00 -0.183933173887E+01
  0.883010699893E-03  0.998375183713E+00 -0.183929571270E+01
  0.903578657960E-03  0.998337353535E+00 -0.183925884635E+01
  0.924625705237E-03  0.998298642964E+00 -0.183922112021E+01
  0.946163001144E-03  0.998259031530E+00 -0.183918251421E+01
  0.968201965036E-03  0.998218498289E+00 -0.183914300779E+01
  0.990754282261E-03  0.998177021808E+00 -0.183910257993E+01
  0.101383191035E-02  0.998134580160E+00 -0.183906120910E+01
  0.103744708537E-02  0.998091150908E+00 -0.183901887329E+01
  0.106161232838E-02  0.998046711093E+00 -0.183897554995E+01
  0.108634045212E-02  0.998001237226E+00 -0.183893121602E+01
  0.111164456777E-02  0.997954705272E+00 -0.183888584788E+01
  0.113753809189E-02  0.997907090638E+00 -0.183883942138E+01
  0.116403475356E-02  0.997858368162E+00 -0.183879191177E+01
  0.119114860168E-02  0.997808512096E+00 -0.183874329377E+01
  0.121889401234E-02  0.997757496098E+00 -0.183869354146E+01
  0.124728569654E-02  0.997705293215E+00 -0.183864262834E+01
  0.127633870791E-02  0.997651875867E+00 -0.183859052728E+01
  0.130606845074E-02  0.997597215836E+00 -0.183853721052E+01
  0.133649068812E-02  0.997541284250E+00 -0.183848264962E+01
  0.136762155034E-02  0.997484051569E+00 -0.183842681552E+01
  0.139947754336E-02  0.997425487567E+00 -0.183836967845E+01
  0.143207555767E-02  0.997365561319E+00 -0.183831120794E+01
  0.146543287714E-02  0.997304241183E+00 -0.183825137281E+01
  0.149956718828E-02  0.997241494784E+00 -0.183819014114E+01
  0.153449658953E-02  0.997177288997E+00 -0.183812748029E+01
  0.157023960093E-02  0.997111589931E+00 -0.183806335682E+01
  0.160681517387E-02  0.997044362911E+00 -0.183799773652E+01
  0.164424270122E-02  0.996975572457E+00 -0.183793058438E+01
  0.168254202753E-02  0.996905182270E+00 -0.183786186455E+01
  0.172173345960E-02  0.996833155210E+00 -0.183779154035E+01
  0.176183777725E-02  0.996759453277E+00 -0.183771957424E+01
  0.180287624432E-02  0.996684037594E+00 -0.183764592779E+01
  0.184487061992E-02  0.996606868383E+00 -0.183757056168E+01
  0.188784317003E-02  0.996527904947E+00 -0.183749343565E+01
  0.193181667925E-02  0.996447105648E+00 -0.183741450849E+01
  0.197681446292E-02  0.996364427885E+00 -0.183733373804E+01
  0.202286037945E-02  0.996279828072E+00 -0.183725108114E+01
  0.206997884298E-02  0.996193261616E+00 -0.183716649360E+01
  0.211819483633E-02  0.996104682896E+00 -0.183707993020E+01
  0.216753392427E-02  0.996014045233E+00 -0.183699134466E+01
  0.221802226701E-02  0.995921300873E+00 -0.183690068960E+01
  0.226968663414E-02  0.995826400958E+00 -0.183680791654E+01
  0.232255441878E-02  0.995729295502E+00 -0.183671297583E+01
  0.237665365212E-02  0.995629933366E+00 -0.183661581668E+01
  0.243201301827E-02  0.995528262231E+00 -0.183651638707E+01
  0.248866186951E-02  0.995424228569E+00 -0.183641463378E+01
  0.254663024178E-02  0.995317777620E+00 -0.183631050233E+01
  0.260594887069E-02  0.995208853360E+00 -0.183620393694E+01
  0.266664920773E-02  0.995097398472E+00 -0.183609488053E+01
  0.272876343702E-02  0.994983354319E+00 -0.183598327465E+01
  0.279232449234E-02  0.994866660915E+00 -0.183586905949E+01
  0.285736607460E-02  0.994747256887E+00 -0.183575217382E+01
  0.292392266967E-02  0.994625079454E+00 -0.183563255496E+01
  0.299202956676E-02  0.994500064385E+00 -0.183551013875E+01
  0.306172287701E-02  0.994372145973E+00 -0.183538485951E+01
  0.313303955273E-02  0.994241256998E+00 -0.183525665001E+01
  0.320601740696E-02  0.994107328693E+00 -0.183512544143E+01
  0.328069513351E-02  0.993970290711E+00 -0.183499116330E+01
  0.335711232749E-02  0.993830071086E+00 -0.183485374352E+01
  0.343530950628E-02  0.993686596198E+00 -0.183471310824E+01
  0.351532813106E-02  0.993539790737E+00 -0.183456918188E+01
  0.359721062874E-02  0.993389577660E+00 -0.183442188707E+01
  0.368100041450E-02  0.993235878158E+00 -0.183427114460E+01
  0.376674191478E-02  0.993078611612E+00 -0.183411687338E+01
  0.385448059083E-02  0.992917695552E+00 -0.183395899038E+01
  0.394426296286E-02  0.992753045617E+00 -0.183379741063E+01
  0.403613663464E-02  0.992584575512E+00 -0.183363204711E+01
  0.413015031880E-02  0.992412196963E+00 -0.183346281075E+01
  0.422635386263E-02  0.992235819674E+00 -0.183328961034E+01
  0.432479827449E-02  0.992055351281E+00 -0.183311235253E+01
  0.442553575091E-02  0.991870697306E+00 -0.183293094172E+01
  0.452861970421E-02  0.991681761108E+00 -0.183274528005E+01
  0.463410479084E-02  0.991488443835E+00 -0.183255526732E+01
  0.474204694038E-02  0.991290644375E+00 -0.183236080093E+01
  0.485250338516E-02  0.991088259307E+00 -0.183216177586E+01
  0.496553269065E-02  0.990881182845E+00 -0.183195808456E+01
  0.508119478644E-02  0.990669306789E+00 -0.183174961693E+01
  0.519955099810E-02  0.990452520470E+00 -0.183153626020E+01
  0.532066407964E-02  0.990230710692E+00 -0.183131789896E+01
  0.544459824679E-02  0.990003761682E+00 -0.183109441500E+01
  0.557141921107E-02  0.989771555026E+00 -0.183086568729E+01
  0.570119421461E-02  0.989533969614E+00 -0.183063159191E+01
  0.583399206581E-02  0.989290881580E+00 -0.183039200195E+01
  0.596988317583E-02  0.989042164240E+00 -0.183014678748E+01
  0.610893959592E-02  0.988787688029E+00 -0.182989581544E+01
  0.625123505559E-02  0.988527320437E+00 -0.182963894958E+01
  0.639684500177E-02  0.988260925948E+00 -0.182937605038E+01
  0.654584663875E-02  0.987988365968E+00 -0.182910697495E+01
  0.669831896914E-02  0.987709498759E+00 -0.182883157697E+01
  0.685434283577E-02  0.987424179374E+00 -0.182854970661E+01
  0.701400096453E-02  0.987132259579E+00 -0.182826121043E+01
  0.717737800825E-02  0.986833587787E+00 -0.182796593126E+01
  0.734456059156E-02  0.986528008983E+00 -0.182766370818E+01
  0.751563735686E-02  0.986215364646E+00 -0.182735437635E+01
  0.769069901129E-02  0.985895492678E+00 -0.182703776697E+01
  0.786983837481E-02  0.985568227320E+00 -0.182671370716E+01
  0.805315042947E-02  0.985233399077E+00 -0.182638201984E+01
  0.824073236971E-02  0.984890834635E+00 -0.182604252365E+01
  0.843268365392E-02  0.984540356776E+00 -0.182569503283E+01
  0.862910605718E-02  0.984181784300E+00 -0.182533935713E+01
  0.883010372523E-02  0.983814931932E+00 -0.182497530166E+01
  0.903578322964E-02  0.983439610236E+00 -0.182460266681E+01
  0.924625362438E-02  0.983055625529E+00 -0.182422124811E+01
  0.946162650360E-02  0.982662779787E+00 -0.182383083610E+01
  0.968201606081E-02  0.982260870550E+00 -0.182343121625E+01
  0.990753914945E-02  0.981849690833E+00 -0.182302216878E+01
  0.101383153448E-01  0.981429029024E+00 -0.182260346852E+01
  0.103744670074E-01  0.980998668787E+00 -0.182217488485E+01
  0.106161193480E-01  0.980558388965E+00 -0.182173618147E+01
  0.108634004937E-01  0.980107963475E+00 -0.182128711631E+01
  0.111164415563E-01  0.979647161203E+00 -0.182082744137E+01
  0.113753767015E-01  0.979175745901E+00 -0.182035690258E+01
  0.116403432201E-01  0.978693476078E+00 -0.181987523960E+01
  0.119114816007E-01  0.978200104892E+00 -0.181938218572E+01
  0.121889356045E-01  0.977695380034E+00 -0.181887746766E+01
  0.124728523412E-01  0.977179043619E+00 -0.181836080540E+01
  0.127633823471E-01  0.976650832068E+00 -0.181783191203E+01
  0.130606796652E-01  0.976110475992E+00 -0.181729049355E+01
  0.133649019263E-01  0.975557700070E+00 -0.181673624868E+01
  0.136762104330E-01  0.974992222931E+00 -0.181616886872E+01
  0.139947702451E-01  0.974413757026E+00 -0.181558803731E+01
  0.143207502673E-01  0.973822008505E+00 -0.181499343022E+01
  0.146543233384E-01  0.973216677091E+00 -0.181438471520E+01
  0.149956663232E-01  0.972597455945E+00 -0.181376155174E+01
  0.153449602063E-01  0.971964031539E+00 -0.181312359084E+01
  0.157023901877E-01  0.971316083521E+00 -0.181247047482E+01
  0.160681457815E-01  0.970653284575E+00 -0.181180183706E+01
  0.164424209162E-01  0.969975300291E+00 -0.181111730179E+01
  0.168254140373E-01  0.969281789016E+00 -0.181041648383E+01
  0.172173282128E-01  0.968572401719E+00 -0.180969898839E+01
  0.176183712406E-01  0.967846781844E+00 -0.180896441073E+01
  0.180287557591E-01  0.967104565162E+00 -0.180821233597E+01
  0.184486993594E-01  0.966345379626E+00 -0.180744233881E+01
  0.188784247012E-01  0.965568845222E+00 -0.180665398321E+01
  0.193181596304E-01  0.964774573813E+00 -0.180584682217E+01
  0.197681373003E-01  0.963962168987E+00 -0.180502039737E+01
  0.202285962948E-01  0.963131225901E+00 -0.180417423892E+01
  0.206997807554E-01  0.962281331127E+00 -0.180330786504E+01
  0.211819405103E-01  0.961412062485E+00 -0.180242078172E+01
  0.216753312067E-01  0.960522988890E+00 -0.180151248240E+01
  0.221802144469E-01  0.959613670186E+00 -0.180058244766E+01
  0.226968579267E-01  0.958683656979E+00 -0.179963014484E+01
  0.232255355771E-01  0.957732490475E+00 -0.179865502768E+01
  0.237665277099E-01  0.956759702314E+00 -0.179765653600E+01
  0.243201211662E-01  0.955764814395E+00 -0.179663409526E+01
  0.248866094685E-01  0.954747338712E+00 -0.179558711623E+01
  0.254662929764E-01  0.953706777183E+00 -0.179451499453E+01
  0.260594790455E-01  0.952642621473E+00 -0.179341711028E+01
  0.266664821908E-01  0.951554352825E+00 -0.179229282763E+01
  0.272876242535E-01  0.950441441887E+00 -0.179114149436E+01
  0.279232345711E-01  0.949303348534E+00 -0.178996244139E+01
  0.285736501525E-01  0.948139521695E+00 -0.178875498236E+01
  0.292392158565E-01  0.946949399180E+00 -0.178751841315E+01
  0.299202845748E-01  0.945732407500E+00 -0.178625201135E+01
  0.306172174189E-01  0.944487961694E+00 -0.178495503583E+01
  0.313303839118E-01  0.943215465157E+00 -0.178362672615E+01
  0.320601621835E-01  0.941914309459E+00 -0.178226630208E+01
  0.328069391721E-01  0.940583874177E+00 -0.178087296304E+01
  0.335711108286E-01  0.939223526718E+00 -0.177944588752E+01
  0.343530823266E-01  0.937832622150E+00 -0.177798423254E+01
  0.351532682777E-01  0.936410503030E+00 -0.177648713299E+01
  0.359720929510E-01  0.934956499239E+00 -0.177495370112E+01
  0.368099904980E-01  0.933469927812E+00 -0.177338302579E+01
  0.376674051828E-01  0.931950092776E+00 -0.177177417192E+01
  0.385447916181E-01  0.930396284992E+00 -0.177012617979E+01
  0.394426150055E-01  0.928807781992E+00 -0.176843806433E+01
  0.403613513827E-01  0.927183847834E+00 -0.176670881447E+01
  0.413014878758E-01  0.925523732944E+00 -0.176493739236E+01
  0.422635229574E-01  0.923826673979E+00 -0.176312273269E+01
  0.432479667110E-01  0.922091893683E+00 -0.176126374186E+01
  0.442553411017E-01  0.920318600756E+00 -0.175935929725E+01
  0.452861802525E-01  0.918505989727E+00 -0.175740824638E+01
  0.463410307277E-01  0.916653240834E+00 -0.175540940611E+01
  0.474204518229E-01  0.914759519912E+00 -0.175336156175E+01
  0.485250158613E-01  0.912823978288E+00 -0.175126346623E+01
  0.496553084971E-01  0.910845752689E+00 -0.174911383919E+01
  0.508119290262E-01  0.908823965158E+00 -0.174691136604E+01
  0.519954907040E-01  0.906757722976E+00 -0.174465469706E+01
  0.532066210704E-01  0.904646118605E+00 -0.174234244638E+01
  0.544459622824E-01  0.902488229636E+00 -0.173997319105E+01
  0.557141714550E-01  0.900283118754E+00 -0.173754546996E+01
  0.570119210093E-01  0.898029833719E+00 -0.173505778286E+01
  0.583398990289E-01  0.895727407360E+00 -0.173250858924E+01
  0.596988096254E-01  0.893374857584E+00 -0.172989630729E+01
  0.610893733106E-01  0.890971187414E+00 -0.172721931274E+01
  0.625123273798E-01  0.888515385031E+00 -0.172447593776E+01
  0.639684263018E-01  0.886006423852E+00 -0.172166446978E+01
  0.654584421192E-01  0.883443262619E+00 -0.171878315027E+01
  0.669831648578E-01  0.880824845521E+00 -0.171583017358E+01
  0.685434029457E-01  0.878150102333E+00 -0.171280368567E+01
  0.701399836413E-01  0.875417948592E+00 -0.170970178285E+01
  0.717737534728E-01  0.872627285795E+00 -0.170652251049E+01
  0.734455786861E-01  0.869777001634E+00 -0.170326386177E+01
  0.751563457048E-01  0.866865970254E+00 -0.169992377626E+01
  0.769069616001E-01  0.863893052562E+00 -0.169650013864E+01
  0.786983545712E-01  0.860857096562E+00 -0.169299077735E+01
  0.805314744382E-01  0.857756937731E+00 -0.168939346314E+01
  0.824072931451E-01  0.854591399447E+00 -0.168570590774E+01
  0.843268052755E-01  0.851359293448E+00 -0.168192576241E+01
  0.862910285800E-01  0.848059420349E+00 -0.167805061657E+01
  0.883010045152E-01  0.844690570211E+00 -0.167407799630E+01
  0.903577987968E-01  0.841251523156E+00 -0.167000536300E+01
  0.924625019639E-01  0.837741050043E+00 -0.166583011188E+01
  0.946162299576E-01  0.834157913207E+00 -0.166154957060E+01
  0.968201247127E-01  0.830500867262E+00 -0.165716099780E+01
  0.990753547629E-01  0.826768659961E+00 -0.165266158170E+01
  0.101383115861E+00  0.822960033146E+00 -0.164804843876E+01
  0.103744631611E+00  0.819073723754E+00 -0.164331861225E+01
  0.106161154121E+00  0.815108464918E+00 -0.163846907096E+01
  0.108633964662E+00  0.811062987143E+00 -0.163349670789E+01
  0.111164374350E+00  0.806936019572E+00 -0.162839833901E+01
  0.113753724842E+00  0.802726291347E+00 -0.162317070205E+01
  0.116403389045E+00  0.798432533066E+00 -0.161781045539E+01
  0.119114771846E+00  0.794053478346E+00 -0.161231417702E+01
  0.121889310855E+00  0.789587865489E+00 -0.160667836353E+01
  0.124728477169E+00  0.785034439269E+00 -0.160089942933E+01
  0.127633776152E+00  0.780391952830E+00 -0.159497370584E+01
  0.130606748230E+00  0.775659169714E+00 -0.158889744092E+01
  0.133648969713E+00  0.770834866023E+00 -0.158266679839E+01
  0.136762053626E+00  0.765917832709E+00 -0.157627785775E+01
  0.139947650567E+00  0.760906878019E+00 -0.156972661409E+01
  0.143207449580E+00  0.755800830078E+00 -0.156300897819E+01
  0.146543179054E+00  0.750598539637E+00 -0.155612077686E+01
  0.149956607637E+00  0.745298882981E+00 -0.154905775358E+01
  0.153449545172E+00  0.739900765008E+00 -0.154181556938E+01
  0.157023843661E+00  0.734403122481E+00 -0.153438980407E+01
  0.160681398244E+00  0.728804927466E+00 -0.152677595783E+01
  0.164424148203E+00  0.723105190961E+00 -0.151896945319E+01
  0.168254077994E+00  0.717302966722E+00 -0.151096563742E+01
  0.172173218296E+00  0.711397355287E+00 -0.150275978543E+01
  0.176183647087E+00  0.705387508214E+00 -0.149434710315E+01
  0.180287490751E+00  0.699272632541E+00 -0.148572273152E+01
  0.184486925197E+00  0.693051995453E+00 -0.147688175104E+01
  0.188784177022E+00  0.686724929193E+00 -0.146781918709E+01
  0.193181524683E+00  0.680290836194E+00 -0.145853001586E+01
  0.197681299714E+00  0.673749194454E+00 -0.144900917116E+01
  0.202285887952E+00  0.667099563152E+00 -0.143925155206E+01
  0.206997730811E+00  0.660341588503E+00 -0.142925203146E+01
  0.211819326572E+00  0.653475009868E+00 -0.141900546560E+01
  0.216753231707E+00  0.646499666103E+00 -0.140850670464E+01
  0.221802062238E+00  0.639415502163E+00 -0.139775060426E+01
  0.226968495120E+00  0.632222575952E+00 -0.138673203809E+01
  0.232255269664E+00  0.624921065415E+00 -0.137544591060E+01
  0.237665188986E+00  0.617511275891E+00 -0.136388716802E+01
  0.243201121497E+00  0.609993647752E+00 -0.135205079572E+01
  0.248866002420E+00  0.602368764602E+00 -0.133993169701E+01
  0.254688304179E+00  0.594603557501E+00 -0.132747216920E+01
  0.260646825596E+00  0.586731782841E+00 -0.131471687693E+01
  0.266718076885E+00  0.578789259091E+00 -0.130172034432E+01
  0.272930745942E+00  0.570743409261E+00 -0.128842294873E+01
  0.279288126813E+00  0.562595654576E+00 -0.127482069974E+01
  0.285793590273E+00  0.554347608948E+00 -0.126090976134E+01
  0.292450585613E+00  0.546001087953E+00 -0.124668655826E+01
  0.299262642468E+00  0.537558117637E+00 -0.123214782230E+01
  0.306233372688E+00  0.529020943262E+00 -0.121729063340E+01
  0.313366472254E+00  0.520392037950E+00 -0.120211246143E+01
  0.320665723240E+00  0.511674111186E+00 -0.118661121003E+01
  0.328134995813E+00  0.502870117092E+00 -0.117078526282E+01
  0.335778250289E+00  0.493983262431E+00 -0.115463353208E+01
  0.343599539231E+00  0.485017014230E+00 -0.113815550992E+01
  0.351603009601E+00  0.475975106953E+00 -0.112135132175E+01
  0.359792904952E+00  0.466861549121E+00 -0.110422178212E+01
  0.368173567686E+00  0.457680629272E+00 -0.108676845256E+01
  0.376749441351E+00  0.448436921157E+00 -0.106899370127E+01
  0.385525072998E+00  0.439135288046E+00 -0.105090076439E+01
  0.394505115594E+00  0.429780886013E+00 -0.103249380829E+01
  0.403694330488E+00  0.420379166078E+00 -0.101377799273E+01
  0.413097589932E+00  0.410935875056E+00 -0.994759533972E+00
  0.422719879671E+00  0.401457054970E+00 -0.975445767527E+00
  0.432566301581E+00  0.391949040889E+00 -0.955845209595E+00
  0.442642076378E+00  0.382418457025E+00 -0.935967616459E+00
  0.452952546381E+00  0.372872210958E+00 -0.915824040849E+00
  0.463503178352E+00  0.363317485822E+00 -0.895426884245E+00
  0.474299566386E+00  0.353761730336E+00 -0.874789943978E+00
  0.485347434885E+00  0.344212646520E+00 -0.853928453870E+00
  0.496652641588E+00  0.334678174998E+00 -0.832859117112E+00
  0.508221180677E+00  0.325166477767E+00 -0.811600129968E+00
  0.520059185960E+00  0.315685918365E+00 -0.790171194886E+00
  0.532172934117E+00  0.306245039356E+00 -0.768593521532E+00
  0.544568848032E+00  0.296852537130E+00 -0.746889814320E+00
  0.557253500197E+00  0.287517233990E+00 -0.725084245006E+00
  0.570233616198E+00  0.278248047593E+00 -0.703202409053E+00
  0.583516078279E+00  0.269053957817E+00 -0.681271264573E+00
  0.597107928992E+00  0.259943971183E+00 -0.659319052855E+00
  0.611016374934E+00  0.250927083014E+00 -0.637375199739E+00
  0.625248790562E+00  0.242012237558E+00 -0.615470197364E+00
  0.639812722108E+00  0.233208286360E+00 -0.593635466198E+00
  0.654715891579E+00  0.224523945217E+00 -0.571903197635E+00
  0.669966200850E+00  0.215967750091E+00 -0.550306177883E+00
  0.685571735854E+00  0.207548012425E+00 -0.528877594351E+00
  0.701540770872E+00  0.199272774328E+00 -0.507650826218E+00
  0.717881772915E+00  0.191149764134E+00 -0.486659221360E+00
  0.734603406218E+00  0.183186352881E+00 -0.465935862307E+00
  0.751714536832E+00  0.175389512252E+00 -0.445513324310E+00
  0.769224237326E+00  0.167765774549E+00 -0.425423429040E+00
  0.787141791594E+00  0.160321195240E+00 -0.405696997705E+00
  0.805476699783E+00  0.153061318626E+00 -0.386363607649E+00
  0.824238683324E+00  0.145991147115E+00 -0.367451356575E+00
  0.843437690092E+00  0.139115114580E+00 -0.348986638577E+00
  0.863083899677E+00  0.132437064176E+00 -0.330993936021E+00
  0.883187728782E+00  0.125960230970E+00 -0.313495631091E+00
  0.903759836748E+00  0.119687229619E+00 -0.296511840427E+00
  0.924811131201E+00  0.113620047282E+00 -0.280060275848E+00
  0.946352773842E+00  0.107760041834E+00 -0.264156133538E+00
  0.968396186360E+00  0.102107945379E+00 -0.248812013474E+00
  0.990953056490E+00  0.966638729526E-01 -0.234037870147E+00
  0.101403534421E+01  0.914273362373E-01 -0.219840994940E+00
  0.103765528808E+01  0.863972620064E-01 -0.206226029793E+00
  0.106182541174E+01  0.815720149610E-01 -0.193195011102E+00
  0.108655853053E+01  0.769494245490E-01 -0.180747442180E+00
  0.111186775831E+01  0.725268153049E-01 -0.168880392023E+00
  0.113776651440E+01  0.683010402100E-01 -0.157588617669E+00
  0.116426853068E+01  0.642685165444E-01 -0.146864707068E+00
  0.119138785892E+01  0.604252636877E-01 -0.136699239100E+00
  0.121913887817E+01  0.567669423235E-01 -0.127080957248E+00
  0.124753630242E+01  0.532888945116E-01 -0.117996953350E+00
  0.127659518840E+01  0.499861841129E-01 -0.109432857941E+00
  0.130633094353E+01  0.468536370809E-01 -0.101373033793E+00
  0.133675933416E+01  0.438858811699E-01 -0.938007695147E-01
  0.136789649385E+01  0.410773846541E-01 -0.866984702927E-01
  0.139975893197E+01  0.384224936979E-01 -0.800478432331E-01
  0.143236354244E+01  0.359154680682E-01 -0.738300750606E-01
  0.146572761271E+01  0.335505149317E-01 -0.680260003269E-01
  0.149986883287E+01  0.313218205280E-01 -0.626162586397E-01
  0.153480530511E+01  0.292235795640E-01 -0.575814397854E-01
  0.157055555323E+01  0.272500222180E-01 -0.529022159636E-01
  0.160713853254E+01  0.253954386880E-01 -0.485594606712E-01
  0.164457363985E+01  0.236542012606E-01 -0.445343540647E-01
  0.168288072381E+01  0.220207839105E-01 -0.408084748824E-01
  0.172208009537E+01  0.204897794739E-01 -0.373638792320E-01
  0.176219253862E+01  0.190559144672E-01 -0.341831667300E-01
  0.180323932174E+01  0.177140616431E-01 -0.312495346286E-01
  0.184524220834E+01  0.164592503973E-01 -0.285468206796E-01
  0.188822346894E+01  0.152866751505E-01 -0.260595355685E-01
  0.193220589283E+01  0.141917018430E-01 -0.237728858025E-01
  0.197721280013E+01  0.131698726854E-01 -0.216727879700E-01
  0.202326805415E+01  0.122169093116E-01 -0.197458752899E-01
  0.207039607405E+01  0.113287144842E-01 -0.179794973612E-01
  0.211862184777E+01  0.105013724966E-01 -0.163617139937E-01
  0.216797094533E+01  0.973114841954E-02 -0.148812839684E-01
  0.221846953232E+01  0.901448632464E-02 -0.135276495091E-01
  0.227014438383E+01  0.834800662337E-02 -0.122909172182E-01
  0.232302289860E+01  0.772850264303E-02 -0.111618361519E-01
  0.237713311358E+01  0.715293655832E-02 -0.101317736529E-01
  0.243250371880E+01  0.661843478684E-02 -0.919268950013E-02
  0.248916407253E+01  0.612228294887E-02 -0.833710887118E-02
  0.254714421693E+01  0.566192048297E-02 -0.755809455361E-02
  0.260647489389E+01  0.523493499994E-02 -0.684921878663E-02
  0.266718756140E+01  0.483905644973E-02 -0.620453505936E-02
  0.272931441019E+01  0.447215116745E-02 -0.561855014340E-02
  0.279288838080E+01  0.413221585688E-02 -0.508619659170E-02
  0.285794318108E+01  0.381737156275E-02 -0.460280589388E-02
  0.292451330401E+01  0.352585767603E-02 -0.416408244138E-02
  0.299263404604E+01  0.325602601025E-02 -0.376607842191E-02
  0.306234152577E+01  0.300633498082E-02 -0.340516973383E-02
  0.313367270309E+01  0.277534391444E-02 -0.307803298492E-02
  0.320666539884E+01  0.256170751026E-02 -0.278162361803E-02
  0.328135831479E+01  0.236417047062E-02 -0.251315518683E-02
  0.335779105420E+01  0.218156231501E-02 -0.227007978904E-02
  0.343600414281E+01  0.201279238758E-02 -0.205006965054E-02
  0.351603905033E+01  0.185684506551E-02 -0.185099984324E-02
  0.359793821241E+01  0.171277517269E-02 -0.167093211016E-02
  0.368174505319E+01  0.157970360129E-02 -0.150809976424E-02
  0.376750400824E+01  0.145681314127E-02 -0.136089362193E-02
  0.385526054820E+01  0.134334451678E-02 -0.122784892844E-02
  0.394506120286E+01  0.123859262649E-02 -0.110763322889E-02
  0.403695358581E+01  0.114190298407E-02 -0.999035137406E-03
  0.413098641973E+01  0.105266835393E-02 -0.900953955764E-03
  0.422720956217E+01  0.970325576510E-03 -0.812390092554E-03
  0.432567403204E+01  0.894352577042E-03 -0.732436234400E-03
  0.442643203660E+01  0.824265550943E-03 -0.660269221629E-03
  0.452953699922E+01  0.759616318931E-03 -0.595142581955E-03
  0.463504358762E+01  0.699989844615E-03 -0.536379677361E-03
  0.474300774291E+01  0.645001907208E-03 -0.483367421037E-03
  0.485348670926E+01  0.594296922001E-03 -0.435550523227E-03
  0.496653906420E+01  0.547545901232E-03 -0.392426226795E-03
  0.508222474971E+01  0.504444548107E-03 -0.353539495458E-03
  0.520060510402E+01  0.464711476808E-03 -0.318478619706E-03
  0.532174289409E+01  0.428086551557E-03 -0.286871207537E-03
  0.544570234893E+01  0.394329337951E-03 -0.258380529244E-03
  0.557254919362E+01  0.363217660037E-03 -0.232702187456E-03
  0.570235068420E+01  0.334546256818E-03 -0.209561085653E-03
  0.583517564327E+01  0.308125532149E-03 -0.188708670230E-03
  0.597109449655E+01  0.283780392239E-03 -0.169920423002E-03
  0.611017931018E+01  0.261349165219E-03 -0.152993582749E-03
  0.625250382892E+01  0.240682597542E-03 -0.137745076044E-03
  0.639814351528E+01  0.221642922208E-03 -0.124009639126E-03
  0.654717558953E+01  0.204102994096E-03 -0.111638114015E-03
  0.669967907062E+01  0.187945487921E-03 -0.100495903451E-03
  0.685573481809E+01  0.173062154610E-03 -0.904615704408E-04
  0.701542557495E+01  0.159353132099E-03 -0.814255694391E-04
  0.717883601154E+01  0.146726306832E-03 -0.732890972215E-04
  0.734605277042E+01  0.135096722419E-03 -0.659630525579E-04
  0.751716451234E+01  0.124386032176E-03 -0.593670947135E-04
  0.769226196320E+01  0.114521992433E-03 -0.534287916706E-04
  0.787143796219E+01  0.105437993733E-03 -0.480828497656E-04
  0.805478751102E+01  0.970726271967E-04 -0.432704171647E-04
  0.824240782424E+01  0.893692835256E-04 -0.389384542791E-04
  0.843439838087E+01  0.822757822908E-04 -0.350391648351E-04
  0.863086097705E+01  0.757440292882E-04 -0.315294818880E-04
  0.883189978009E+01  0.697296999165E-04 -0.283706035797E-04
  0.903762138365E+01  0.641919466595E-04 -0.255275739241E-04
  0.924813486430E+01  0.590931288950E-04 -0.229689043294E-04
  0.946355183932E+01  0.543985633715E-04 -0.206662319709E-04
  0.968398652588E+01  0.500762938160E-04 -0.185940114817E-04
  0.990955580164E+01  0.460968782399E-04 -0.167292367645E-04
  0.101403792667E+02  0.424331926177E-04 -0.150511900227E-04
  0.103765793069E+02  0.390602497039E-04 -0.135412153853E-04
  0.106182811590E+02  0.359550318467E-04 -0.121825147449E-04
  0.108656129768E+02  0.330963367370E-04 -0.109599636580E-04
  0.111187058992E+02  0.304646351115E-04 -0.985994535689E-05
  0.113776941196E+02  0.280419394984E-04 -0.887020111115E-05
  0.116427149574E+02  0.258116831646E-04 -0.797969534574E-05
  0.119139089305E+02  0.237586084818E-04 -0.717849407339E-05
  0.121914198297E+02  0.218686639911E-04 -0.645765533967E-05
  0.124753947954E+02  0.201289094963E-04 -0.580913050391E-05
  0.127659843952E+02  0.185274285694E-04 -0.522567529282E-05
  0.130633427038E+02  0.170532478946E-04 -0.470076966706E-05
  0.133676273850E+02  0.156962629248E-04 -0.422854563371E-05
  0.136789997749E+02  0.144471693601E-04 -0.380372222238E-05
  0.139976249675E+02  0.132973999981E-04 -0.342154691856E-05
  0.143236719026E+02  0.122390665389E-04 -0.307774291709E-05
  0.146573134550E+02  0.112649059597E-04 -0.276846162058E-05
  0.149987265261E+02  0.103682311031E-04 -0.249023986433E-05
  0.153480921382E+02  0.954288515106E-05 -0.223996139970E-05
  0.157055955299E+02  0.878319968130E-05 -0.201482221432E-05
  0.160714262546E+02  0.808395602626E-05 -0.181229930850E-05
  0.164457782811E+02  0.744034967661E-05 -0.163012258515E-05
  0.168288500962E+02  0.684795749077E-05 -0.146624954386E-05
  0.172208448102E+02  0.630270749102E-05 -0.131884250065E-05
  0.176219702642E+02  0.580085104301E-05 -0.118624808222E-05
  0.180324391408E+02  0.533893723201E-05 -0.106697876844E-05
  0.184524690764E+02  0.491378926312E-05 -0.959696279114E-06
  0.188822827770E+02  0.452248272656E-05 -0.863196621488E-06
  0.193221081361E+02  0.416232558128E-05 -0.776396632792E-06
  0.197721783553E+02  0.383083972173E-05 -0.698321868928E-06
  0.202327320684E+02  0.352574400302E-05 -0.628095704948E-06
  0.207040134675E+02  0.324493860971E-05 -0.564929526398E-06
  0.211862724330E+02  0.298649066214E-05 -0.508113902638E-06
  0.216797646653E+02  0.274862096282E-05 -0.457010644037E-06
  0.221847518213E+02  0.252969179280E-05 -0.411045654758E-06
  0.227015016524E+02  0.232819567517E-05 -0.369702501581E-06
  0.232302881467E+02  0.214274502935E-05 -0.332516627199E-06
  0.237713916746E+02  0.197206264557E-05 -0.299070143513E-06
  0.243250991369E+02  0.181497291492E-05 -0.268987146892E-06
  0.248917041172E+02  0.167039375511E-05 -0.241929503182E-06
  0.254715070377E+02  0.153732917686E-05 -0.217593055412E-06
  0.260648153184E+02  0.141486244024E-05 -0.195704211895E-06
  0.266719435396E+02  0.130214975432E-05 -0.176016876610E-06
  0.272932136097E+02  0.119841447696E-05 -0.158309687577E-06
  0.279289549349E+02  0.110294177525E-05 -0.142383532371E-06
  0.285795045944E+02  0.101507370999E-05 -0.128059312986E-06
  0.292452075191E+02  0.934204710667E-06 -0.115175935063E-06
  0.299264166742E+02  0.859777409923E-06 -0.103588498982E-06
  0.306234932467E+02  0.791278809020E-06 -0.931666725736E-07
  0.313368068366E+02  0.728236748044E-06 -0.837932272349E-07
  0.320667356530E+02  0.670216656650E-06 -0.753627210573E-07
  0.328136667147E+02  0.616818563116E-06 -0.677803142160E-07
  0.335779960553E+02  0.567674341162E-06 -0.609607033484E-07
  0.343601289333E+02  0.522445175693E-06 -0.548271629809E-07
  0.351604800467E+02  0.480819230049E-06 -0.493106832562E-07
  0.359794737533E+02  0.442509498782E-06 -0.443491942972E-07
  0.368175442954E+02  0.407251831212E-06 -0.398868685060E-07
  0.376751360299E+02  0.374803112193E-06 -0.358734929747E-07
  0.385527036645E+02  0.344939587598E-06 -0.322639049651E-07
  0.394507124980E+02  0.317455323023E-06 -0.290174841249E-07
  0.403696386678E+02  0.292160785124E-06 -0.260976957403E-07
  0.413099694017E+02  0.268881535832E-06 -0.234716798988E-07
  0.422722032767E+02  0.247457030478E-06 -0.211098819500E-07
  0.432568504829E+02  0.227739511561E-06 -0.189857201144E-07
  0.442644330946E+02  0.209592990561E-06 -0.170752865092E-07
  0.452954853465E+02  0.192892310784E-06 -0.153570782311E-07
  0.463505539174E+02  0.177522284805E-06 -0.138117554777E-07
  0.474301982200E+02  0.163376900568E-06 -0.124219239878E-07
  0.485349906970E+02  0.150358590686E-06 -0.111719393587E-07
  0.496655171255E+02  0.138377559907E-06 -0.100477310399E-07
  0.508223769268E+02  0.127351166125E-06 -0.903664402584E-08
  0.520061834847E+02  0.117203350674E-06 -0.812729646871E-08
  0.532175644705E+02  0.107864113974E-06 -0.730945161071E-08
  0.544571621758E+02  0.992690329386E-07 -0.657390259591E-08
  0.557256338531E+02  0.913588167994E-07 -0.591236886715E-08
  0.570236520645E+02  0.840788983058E-07 -0.531740298289E-08
  0.583519050379E+02  0.773790574758E-07 -0.478230680647E-08
  0.597110970322E+02  0.712130753105E-07 -0.430105612516E-08
  0.611019487106E+02  0.655384150848E-07 -0.386823285150E-08
  0.625251975226E+02  0.603159290209E-07 -0.347896404423E-08
  0.639815980952E+02  0.555095883224E-07 -0.312886706326E-08
  0.654719226331E+02  0.510862347100E-07 -0.281400024148E-08
  0.669969613279E+02  0.470153517467E-07 -0.253081851886E-08
  0.685575227769E+02  0.432688543760E-07 -0.227613353945E-08
  0.701544344123E+02  0.398208952242E-07 -0.204707776277E-08
  0.717885429398E+02  0.366476863310E-07 -0.184107218541E-08
  0.734607147872E+02  0.337273350798E-07 -0.165579731007E-08
  0.751718365641E+02  0.310396931976E-07 -0.148916703518E-08
  0.769228155319E+02  0.285662177825E-07 -0.133930517134E-08
  0.787145800849E+02  0.262898434024E-07 -0.120452432044E-08
  0.805480802425E+02  0.241948643820E-07 -0.108330687969E-08
  0.824242881530E+02  0.222668264671E-07 -0.974287956855E-09
  0.843441986087E+02  0.204924271191E-07 -0.876240004411E-09
  0.863088295738E+02  0.188594237530E-07 -0.788058999704E-09
  0.883192227241E+02  0.173565492853E-07 -0.708752015584E-09
  0.903764439989E+02  0.159734344098E-07 -0.637426041623E-09
  0.924815841665E+02  0.147005360661E-07 -0.573277930097E-09
  0.946357594027E+02  0.135290716064E-07 -0.515585353587E-09
  0.968401118822E+02  0.124509582076E-07 -0.463698672407E-09
  0.990958103844E+02  0.114587571103E-07 -0.417033620330E-09
  0.101404050913E+03  0.105456223003E-07 -0.375064726280E-09
  0.103766057331E+03  0.970525327933E-08 -0.337319397940E-09
  0.106183082008E+03  0.893185159792E-08 -0.303372600680E-09
  0.108656406484E+03  0.822008085210E-08 -0.272842071909E-09
  0.111187342153E+03  0.756502986708E-08 -0.245384016978E-09
  0.113777230954E+03  0.696217881445E-08 -0.220689238173E-09
  0.116427446081E+03  0.640736802888E-08 -0.198479653240E-09
  0.119139392718E+03  0.589676930962E-08 -0.178505164223E-09
  0.121914508778E+03  0.542685950844E-08 -0.160540841394E-09
  0.124754265667E+03  0.499439622219E-08 -0.144384390540E-09
  0.127660169065E+03  0.459639542205E-08 -0.129853875127E-09
  0.130633759724E+03  0.423011086534E-08 -0.116785667665E-09
  0.133676614286E+03  0.389301514776E-08 -0.105032607232E-09
  0.136790346114E+03  0.358278226542E-08 -0.944623424030E-10
  0.139976606155E+03  0.329727156630E-08 -0.849558409266E-10
  0.143237083809E+03  0.303451298055E-08 -0.764060493786E-10
  0.146573507830E+03  0.279269342761E-08 -0.687166876901E-10
  0.149987647236E+03  0.257014430644E-08 -0.618011649860E-10
  0.153481312254E+03  0.236532998263E-08 -0.555816045235E-10
  0.157056355275E+03  0.217683719279E-08 -0.499879667524E-10
  0.160714671839E+03  0.200336529334E-08 -0.449572606240E-10
  0.164458201638E+03  0.184371728620E-08 -0.404328342676E-10
  0.168288929545E+03  0.169679155969E-08 -0.363637370485E-10
  0.172208886668E+03  0.156157428749E-08 -0.327041458232E-10
  0.176220151423E+03  0.143713243331E-08 -0.294128489338E-10
  0.180324850642E+03  0.132260731298E-08 -0.264527821282E-10
  0.184525160696E+03  0.121720866951E-08 -0.237906111838E-10
  0.188823308648E+03  0.112020922036E-08 -0.213963565331E-10
  0.193221573440E+03  0.103093963913E-08 -0.192430556641E-10
  0.197722287094E+03  0.948783937162E-09 -0.173064594964E-10
  0.202327835953E+03  0.873175213232E-09 -0.155647593106E-10
  0.207040661947E+03  0.803591741824E-09 -0.139983411600E-10
  0.211863263883E+03  0.739553373187E-09 -0.125895649956E-10
  0.216798198775E+03  0.680618220243E-09 -0.113225660199E-10
  0.221848083195E+03  0.626379609499E-09 -0.101830760313E-10
  0.227015594666E+03  0.576463274936E-09 -0.915826274721E-11
  0.232303473076E+03  0.530524775507E-09 -0.823658529792E-11
  0.237714522135E+03  0.488247118430E-09 -0.740766426216E-11
  0.243251610859E+03  0.449338571873E-09 -0.666216478221E-11
  0.248917675092E+03  0.413530651942E-09 -0.599169144186E-11
  0.254715719064E+03  0.380576270080E-09 -0.538869372332E-11
  0.260648816980E+03  0.350248028096E-09 -0.484638097881E-11
  0.266720114654E+03  0.322336649063E-09 -0.435864595903E-11
  0.272932831177E+03  0.296649533248E-09 -0.391999603749E-11
  0.279290260619E+03  0.273009429126E-09 -0.352549135629E-11
  0.285795773782E+03  0.251253210288E-09 -0.317068919661E-11
  0.292452819983E+03  0.231230749829E-09 -0.285159394774E-11
  0.299264928883E+03  0.212803884420E-09 -0.256461211097E-11
  0.306235712360E+03  0.195845460941E-09 -0.230651183187E-11
  0.313368866425E+03  0.180238459087E-09 -0.207438650502E-11
  0.320668173178E+03  0.165875183884E-09 -0.186562204164E-11
  0.328137502817E+03  0.152656522561E-09 -0.167786743115E-11
  0.335780815689E+03  0.140491260637E-09 -0.150900826548E-11
  0.343602164387E+03  0.129295452511E-09 -0.135714292778E-11
  0.351605695904E+03  0.118991842207E-09 -0.122056117747E-11
  0.359795653828E+03  0.109509330277E-09 -0.109772489039E-11
  0.368176380591E+03  0.100782483193E-09 -0.987250737312E-12
  0.376752319777E+03  0.927510818282E-10 -0.887894605594E-12
  0.385528018472E+03  0.853597059252E-10 -0.798537588621E-12
  0.394508129677E+03  0.785573516719E-10 -0.718173385250E-12
  0.403697414777E+03  0.722970797573E-10 -0.645896967351E-12
  0.413100746064E+03  0.665356914712E-10 -0.580894387825E-12
  0.422723109319E+03  0.612334306162E-10 -0.522433614330E-12
  0.432569606457E+03  0.563537091740E-10 -0.469856285483E-12
  0.442645458234E+03  0.518628548329E-10 -0.422570296706E-12
  0.452956007011E+03  0.477298786355E-10 -0.380043132222E-12
  0.463506719590E+03  0.439262611419E-10 -0.341795868110E-12
  0.474303190111E+03  0.404257556334E-10 -0.307397778881E-12
  0.485351143017E+03  0.372042069997E-10 -0.276461486845E-12
  0.496656436094E+03  0.342393850581E-10 -0.248638599634E-12
  0.508225063569E+03  0.315108311556E-10 -0.223615786763E-12
  0.520063159296E+03  0.289997169958E-10 -0.201111251039E-12
  0.532177000004E+03  0.266887147151E-10 -0.180871555085E-12
  0.544573008626E+03  0.245618773133E-10 -0.162668767233E-12
  0.557257757704E+03  0.226045286121E-10 -0.146297894662E-12
  0.570237972874E+03  0.208031619829E-10 -0.131574574849E-12
  0.583520536435E+03  0.191453471454E-10 -0.118332999358E-12
  0.597112490993E+03  0.176196443931E-10 -0.106424046574E-12
  0.611021043197E+03  0.162155256537E-10 -0.957136023597E-13
  0.625253567563E+03  0.149233018416E-10 -0.860810497119E-13
  0.639817610380E+03  0.137340559979E-10 -0.774179104260E-13
  0.654720893714E+03  0.126395817600E-10 -0.696266234569E-13
  0.669971319499E+03  0.116323267336E-10 -0.626194462257E-13
  0.685576973733E+03  0.107053403782E-10 -0.563174664977E-13
  0.701546130756E+03  0.985222604439E-11 -0.506497137045E-13
  0.717887257647E+03  0.906709683494E-11 -0.455523597010E-13
  0.734609018706E+03  0.834453498187E-11 -0.409679999581E-13
  0.751720280052E+03  0.767955446159E-11 -0.368450070955E-13
  0.769230114323E+03  0.706756658900E-11 -0.331369494735E-13
  0.787147805484E+03  0.650434835342E-11 -0.298020682986E-13
  0.805482853754E+03  0.598601327784E-11 -0.268028073514E-13
  0.824244980640E+03  0.550898460045E-11 -0.241053900432E-13
  0.843444134092E+03  0.506997059326E-11 -0.216794390368E-13
  0.863090493777E+03  0.466594184766E-11 -0.194976341483E-13
  0.883194476479E+03  0.429411037010E-11 -0.175354046778E-13
  0.903766741618E+03  0.395191034357E-11 -0.157706527031E-13
  0.924818196906E+03  0.363698042228E-11 -0.141835042216E-13
  0.946360004129E+03  0.334714743725E-11 -0.127560853362E-13
  0.968403585063E+03  0.308041140043E-11 -0.114723209666E-13
  0.990960627531E+03  0.283493170381E-11 -0.103177538174E-13
  0.101404309160E+04  0.260901441837E-11 -0.927938156557E-14
  0.103766321593E+04  0.240110060514E-11 -0.834551043290E-14
  0.106183352426E+04  0.220975555782E-11 -0.750562349516E-14
  0.108656683201E+04  0.203365890256E-11 -0.675026224425E-14
  0.111187625316E+04  0.187159548680E-11 -0.607092006998E-14
  0.113777520712E+04  0.172244699411E-11 -0.545994646173E-14
  0.116427742588E+04  0.158518422730E-11 -0.491046085116E-14
  0.119139696132E+04  0.145886000642E-11 -0.441627512578E-14
  0.121914819259E+04  0.134260263280E-11 -0.397182394063E-14
  0.124754583380E+04  0.123560987389E-11 -0.357210204344E-14
  0.127660494179E+04  0.113714342749E-11 -0.321260790722E-14
  0.130634092411E+04  0.104652382707E-11 -0.288929303575E-14
  0.133676954722E+04  0.963125753188E-12 -0.259851637080E-14
  0.136790694480E+04  0.886373718410E-12 -0.233700328791E-14
  0.139976962635E+04  0.815738096222E-12 -0.210180871869E-14
  0.143237448593E+04  0.750731466327E-12 -0.189028398453E-14
  0.146573881110E+04  0.690905251217E-12 -0.170004696816E-14
  0.149988029211E+04  0.635846620768E-12 -0.152895528703E-14
  0.153481703127E+04  0.585175643514E-12 -0.137508216664E-14
  0.157056755253E+04  0.538542664933E-12 -0.123669474181E-14
  0.160715081133E+04  0.495625894664E-12 -0.111223454183E-14
  0.164458620466E+04  0.456129185996E-12 -0.100029993949E-14
  0.168289358129E+04  0.419779992311E-12 -0.899630366452E-15
  0.172209325234E+04  0.386327486382E-12 -0.809092117187E-15
  0.176220600205E+04  0.355540829541E-12 -0.727665581566E-15
  0.180325309878E+04  0.327207578782E-12 -0.654433762387E-15
  0.184525630628E+04  0.301132220797E-12 -0.588571948469E-15
  0.188823789527E+04  0.277134822846E-12 -0.529338427048E-15
  0.193222065520E+04  0.255049791125E-12 -0.476066130867E-15
  0.197722790636E+04  0.234724728094E-12 -0.428155125902E-15
  0.202328351225E+04  0.216019380858E-12 -0.385065855116E-15
  0.207041189221E+04  0.198804673353E-12 -0.346313062153E-15
  0.211863803438E+04  0.182961815657E-12 -0.311460326557E-15
  0.216798750898E+04  0.168381484286E-12 -0.280115148956E-15
  0.221848648179E+04  0.154963067804E-12 -0.251924530869E-15
  0.227016172810E+04  0.142613972557E-12 -0.226570999366E-15
  0.232304064687E+04  0.131248983731E-12 -0.203769031794E-15
  0.237715127526E+04  0.120789677328E-12 -0.183261840325E-15
  0.243252230351E+04  0.111163879004E-12 -0.164818480098E-15
  0.248918309015E+04  0.102305166027E-12 -0.148231248401E-15
  0.254716367752E+04  0.941524089310E-13 -0.133313345595E-15
  0.260649480778E+04  0.866493496918E-13 -0.119896771443E-15
  0.266720793914E+04  0.797442135185E-13 -0.107830433145E-15
  0.272933526259E+04  0.733893515823E-13 -0.969784437909E-16
  0.279290971892E+04  0.675409122168E-13 -0.872185920442E-16
  0.285796501622E+04  0.621585383196E-13 -0.784409658425E-16
  0.292453564776E+04  0.572050888685E-13 -0.705467146063E-16
  0.299265691025E+04  0.526463826305E-13 -0.634469360176E-16
  0.306236492255E+04  0.484509622943E-13 -0.570616748333E-16
  0.313369664485E+04  0.445898773997E-13 -0.513190224571E-16
  0.320668989828E+04  0.410364845649E-13 -0.461543071297E-16
  0.328138338489E+04  0.377662636344E-13 -0.415093656183E-16
  0.335781670826E+04  0.347566484780E-13 -0.373318882024E-16
  0.343603039443E+04  0.319868712728E-13 -0.335748295795E-16
  0.351606591343E+04  0.294378191958E-13 -0.301958790580E-16
  0.359796570124E+04  0.270919025358E-13 -0.271569840683E-16
  0.368177318231E+04  0.249329333154E-13 -0.244239216284E-16
  0.376753279257E+04  0.229460135865E-13 -0.219659129360E-16
  0.385529000301E+04  0.211174326269E-13 -0.197552767491E-16
  0.394509134376E+04  0.194345723298E-13 -0.177671176489E-16
  0.403698442879E+04  0.178858201323E-13 -0.159790456763E-16
  0.413101798113E+04  0.164604888834E-13 -0.143709241842E-16
  0.422724185873E+04  0.151487430972E-13 -0.129246430654E-16
  0.432570708088E+04  0.139415310833E-13 -0.116239148029E-16
  0.442646585525E+04  0.128305224856E-13 -0.104540910455E-16
  0.452957160561E+04  0.118080507989E-13 -0.940199764297E-17
  0.463507900009E+04  0.108670604662E-13 -0.845578628389E-17
  0.474304398025E+04  0.100010581918E-13 -0.760480106351E-17
  0.485352379068E+04  0.920406813445E-14 -0.683945848091E-17
  0.496657700935E+04  0.847059067107E-14 -0.615113951290E-17
  0.508226357872E+04  0.779556444674E-14 -0.553209254953E-17
  0.520064483748E+04  0.717433144880E-14 -0.497534609821E-17
  0.532178355306E+04  0.660260486424E-14 -0.447463027310E-17
  0.544574395497E+04  0.607643949866E-14 -0.402430618589E-17
  0.557259176880E+04  0.559220455245E-14 -0.361930244259E-17
  0.570239425107E+04  0.514655856648E-14 -0.325505803119E-17
  0.583522022495E+04  0.473642636444E-14 -0.292747095719E-17
  0.597114011668E+04  0.435897783255E-14 -0.263285204834E-17
  0.611022599293E+04  0.401160839042E-14 -0.236788340843E-17
  0.625255159905E+04  0.369192101816E-14 -0.212958105232E-17
  0.639819239813E+04  0.339770971579E-14 -0.191526130133E-17
  0.654722561101E+04  0.312694428069E-14 -0.172251056060E-17
  0.669973025725E+04  0.287775629829E-14 -0.154915813796E-17
  0.685578719701E+04  0.264842624901E-14 -0.139325179842E-17
  0.701547917393E+04  0.243737164280E-14 -0.125303577870E-17
  0.717889085900E+04  0.224313609912E-14 -0.112693101452E-17
  0.734610889545E+04  0.206437929724E-14 -0.101351735763E-17
  0.751722194469E+04  0.189986772737E-14 -0.911517582671E-18
  0.769232073332E+04  0.174846617881E-14 -0.819783003464E-18
  0.787149810124E+04  0.160912990643E-14 -0.737280536909E-18
  0.805484905089E+04  0.148089742148E-14 -0.663081068765E-18
  0.824247079756E+04  0.136288385677E-14 -0.596348990290E-18
  0.843446282103E+04  0.125427486069E-14 -0.536332787897E-18
  0.863092691821E+04  0.115432097777E-14 -0.482356579875E-18
  0.883196725722E+04  0.106233247709E-14 -0.433812504839E-18
  0.903769043253E+04  0.977674592769E-15 -0.390153876205E-18
  0.924820552154E+04  0.899763143790E-15 -0.350889025598E-18
  0.946362414237E+04  0.828060502853E-15 -0.315575765851E-18
  0.968406051309E+04  0.762071886485E-15 -0.283816411247E-18
  0.990963151224E+04  0.701341940795E-15 -0.255253298918E-18
  0.101404567408E+05  0.645451599300E-15 -0.229564760971E-18
  0.103766585857E+05  0.594015191168E-15 -0.206461501976E-18
  0.106183622844E+05  0.546677779896E-15 -0.185683341020E-18
  0.108656959919E+05  0.503112714074E-15 -0.166996281641E-18
  0.111187908479E+05  0.463019373330E-15 -0.150189876639E-18
  0.113777810470E+05  0.426121093902E-15 -0.135074858092E-18
  0.116428039096E+05  0.392163259523E-15 -0.121481005888E-18
  0.119139999547E+05  0.360911544440E-15 -0.109255230766E-18
  0.121915129741E+05  0.332150296455E-15 -0.982598502731E-19
  0.124754901094E+05  0.305681048817E-15 -0.883710382369E-19
  0.127660819294E+05  0.281321150704E-15 -0.794774302759E-19
  0.130634425099E+05  0.258902506842E-15 -0.714788696527E-19
  0.133677295159E+05  0.238270417567E-15 -0.642852793435E-19
  0.136791042846E+05  0.219282511321E-15 -0.578156476217E-19
  0.139977319116E+05  0.201807762213E-15 -0.519971157321E-19
  0.143237813378E+05  0.185725585885E-15 -0.467641573806E-19
  0.146574254392E+05  0.170925007412E-15 -0.420578407996E-19
  0.149988411188E+05  0.157303895527E-15 -0.378251650793E-19
  0.153482094001E+05  0.144768257860E-15 -0.340184632893E-19
  0.157057155231E+05  0.133231592350E-15 -0.305948656703E-19
  0.160715490429E+05  0.122614290331E-15 -0.275158168497E-19
  0.164459039295E+05  0.112843087200E-15 -0.247466416445E-19
  0.168289786714E+05  0.103850556851E-15 -0.222561545610E-19
  0.172209763802E+05  0.955746464035E-16 -0.200163085947E-19
  0.176221048989E+05  0.879582480069E-16 -0.180018793749E-19
  0.180325769115E+05  0.809488047672E-16 -0.161901810964E-19
  0.184526100562E+05  0.744979480800E-16 -0.145608110393E-19
  0.188824270407E+05  0.685611638625E-16 -0.130954198017E-19
  0.193222557601E+05  0.630974853847E-16 -0.117775046541E-19
  0.197723294179E+05  0.580692105789E-16 -0.105922236916E-19
  0.202328866497E+05  0.534416418766E-16 -0.952622869012E-20
  0.207041716495E+05  0.491828467788E-16 -0.856751478235E-20
  0.211864342995E+05  0.452634375052E-16 -0.770528526380E-20
  0.216799303022E+05  0.416563682050E-16 -0.692983000375E-20
  0.221849213164E+05  0.383367483264E-16 -0.623241609320E-20
  0.227016750955E+05  0.352816708602E-16 -0.560518949781E-20
  0.232304656299E+05  0.324700542697E-16 -0.504108660855E-20
  0.237715732918E+05  0.298824970183E-16 -0.453375469370E-20
  0.243252849845E+05  0.275011436885E-16 -0.407748035667E-20
  0.248918942938E+05  0.253095617716E-16 -0.366712519362E-20
  0.254717016442E+05  0.232926282749E-16 -0.329806792660E-20
  0.260650144577E+05  0.214364253655E-16 -0.296615236027E-20
  0.266721473176E+05  0.197281443308E-16 -0.266764057627E-20
  0.272934221342E+05  0.181559971918E-16 -0.239917083811E-20
  0.279291683166E+05  0.167091353601E-16 -0.215771973243E-20
  0.285797229464E+05  0.153775747777E-16 -0.194056812034E-20
  0.292454309572E+05  0.141521270220E-16 -0.174527051548E-20
  0.299266453169E+05  0.130243359010E-16 -0.156962754375E-20
  0.306237272151E+05  0.119864191014E-16 -0.141166117472E-20
  0.313370462548E+05  0.110312144869E-16 -0.126959244577E-20
  0.320669806480E+05  0.101521306762E-16 -0.114182142798E-20
  0.328139174164E+05  0.934310155857E-17 -0.102690920834E-20
  0.335782525966E+05  0.859854443548E-17 -0.923561685152E-21
  0.343603914502E+05  0.791332149665E-17 -0.830614994349E-21
  0.351607486784E+05  0.728270436690E-17 -0.747022402431E-21
  0.359797486423E+05  0.670234147799E-17 -0.671842518532E-21
  0.368178255873E+05  0.616822804064E-17 -0.604228692791E-21
  0.376754238740E+05  0.567667840951E-17 -0.543419481681E-21
  0.385529982133E+05  0.522430065047E-17 -0.488730072890E-21
  0.394510139078E+05  0.480797313457E-17 -0.439544573206E-21
  0.403699470983E+05  0.442482299724E-17 -0.395309072535E-21
  0.413102850165E+05  0.407220631417E-17 -0.355525405965E-21
  0.422725262431E+05  0.374768985685E-17 -0.319745543596E-21
  0.432571809722E+05  0.344903430218E-17 -0.287566544990E-21
  0.442647712820E+05  0.317417878000E-17 -0.258626021391E-21
  0.452958314113E+05  0.292122665205E-17 -0.232598054626E-21
  0.463509080431E+05  0.268843242430E-17 -0.209189526734E-21
  0.474305605943E+05  0.247418970210E-17 -0.188136818966E-21
  0.485353615121E+05  0.227702010534E-17 -0.169202843007E-21
  0.496658965780E+05  0.209556306686E-17 -0.152174370966E-21
  0.508227652180E+05  0.192856644388E-17 -0.136859634078E-21
  0.520065808203E+05  0.177487787758E-17 -0.123086163071E-21
  0.532179710612E+05  0.163343684130E-17 -0.110698845876E-21
  0.544575782372E+05  0.150326732234E-17 -0.995581808111E-22
  0.557260596059E+05  0.138347108702E-17 -0.895387055569E-22
  0.570240877344E+05  0.127322148242E-17 -0.805275842476E-22
  0.583523508559E+05  0.117175773206E-17 -0.724233367505E-22
  0.597115532346E+05  0.107837968617E-17 -0.651346958322E-22
  0.611024155393E+05  0.992442990333E-18 -0.585795793388E-22
  0.625256752251E+05  0.913354639084E-18 -0.526841658146E-22
  0.639820869249E+05  0.840568883917E-18 -0.473820631508E-22
  0.654724228492E+05  0.773583467336E-18 -0.426135609004E-22
  0.669974731954E+05  0.711936157030E-18 -0.383249578397E-22
  0.685580465674E+05  0.655201556249E-18 -0.344679572037E-22
  0.701549704035E+05  0.602988168352E-18 -0.309991227849E-22
  0.717890914158E+05  0.554935695290E-18 -0.278793897692E-22
  0.734612760388E+05  0.510712551373E-18 -0.250736248022E-22
  0.751724108890E+05  0.470013575166E-18 -0.225502303287E-22
  0.769234032346E+05  0.432557923720E-18 -0.202807887527E-22
  0.787151814770E+05  0.398087134627E-18 -0.182397424078E-22
  0.805486956428E+05  0.366363342491E-18 -0.164041057356E-22
  0.824249178878E+05  0.337167637550E-18 -0.147532064308E-22
  0.843448430119E+05  0.310298555085E-18 -0.132684526360E-22
  0.863094889871E+05  0.285570685216E-18 -0.119331235674E-22
  0.883198974971E+05  0.262813393483E-18 -0.107321812107E-22
  0.903771344894E+05  0.241869643384E-18 -0.965210096821E-23
  0.924822907407E+05  0.222594912745E-18 -0.868071934975E-23
  0.946364824351E+05  0.204856196448E-18 -0.780709699135E-23
  0.968408517562E+05  0.188531088630E-18 -0.702139546005E-23
  0.990965674923E+05  0.173506938019E-18 -0.631476645686E-23
  0.101404825656E+06  0.159680070590E-18 -0.567925217025E-23
  0.103766850120E+06  0.146955074158E-18 -0.510769565805E-23
  0.106183893263E+06  0.135244139992E-18 -0.459366024842E-23
  0.108657236637E+06  0.124466456888E-18 -0.413135705231E-23
  0.111188191643E+06  0.114547653534E-18 -0.371557977095E-23
  0.113778100230E+06  0.105419285309E-18 -0.334164606436E-23
  0.116428335605E+06  0.970183619849E-19 -0.300534482041E-23
  0.119140302962E+06  0.892869130601E-19 -0.270288873076E-23
  0.121915440224E+06  0.821715877355E-19 -0.243087163951E-23
  0.124755218809E+06  0.756232867680E-19 -0.218623018422E-23
  0.127661144409E+06  0.695968236612E-19 -0.196620929740E-23
  0.130634757787E+06  0.640506128568E-19 -0.176833117989E-23
  0.133677635596E+06  0.589463827731E-19 -0.159036739675E-23
  0.136791391214E+06  0.542489117131E-19 -0.143031378139E-23
  0.139977675599E+06  0.499257848167E-19 -0.128636786532E-23
  0.143238178164E+06  0.459471703828E-19 -0.115690857940E-23
  0.146574627675E+06  0.422856140156E-19 -0.104047799791E-23
  0.149988793165E+06  0.389158491760E-19 -0.935764919905E-24
  0.153482484876E+06  0.358146228296E-19 -0.841590102898E-24
  0.157057555211E+06  0.329605349898E-19 -0.756892982661E-24
  0.160715899725E+06  0.303338910474E-19 -0.680719729507E-24
  0.164459458125E+06  0.279165658676E-19 -0.612212506597E-24
  0.168290215299E+06  0.256918787182E-19 -0.550599809271E-24
  0.172210202371E+06  0.236444781640E-19 -0.495187776634E-24
  0.176221497773E+06  0.217602361346E-19 -0.445352377533E-24
  0.180326228353E+06  0.200261504334E-19 -0.400532382932E-24
  0.184526570498E+06  0.184302550166E-19 -0.360223045548E-24
  0.188824751289E+06  0.169615374211E-19 -0.323970415561E-24
  0.193223049684E+06  0.156098627733E-19 -0.291366228385E-24
  0.197723797724E+06  0.143659038537E-19 -0.262043306937E-24
  0.202329381771E+06  0.132210767341E-19 -0.235671426613E-24
  0.207042243771E+06  0.121674815443E-19 -0.211953596416E-24
  0.211864882553E+06  0.111978479597E-19 -0.190622714341E-24
  0.216799855148E+06  0.103054850317E-19 -0.171438559369E-24
  0.221849778150E+06  0.948423501742E-20 -0.154185086180E-24
  0.227017329102E+06  0.872843088788E-20 -0.138667992124E-24
  0.232305247912E+06  0.803285722302E-20 -0.124712529053E-24
  0.237716338312E+06  0.739271422255E-20 -0.112161535366E-24
  0.243253469341E+06  0.680358458504E-20 -0.100873666112E-24
  0.248919576864E+06  0.626140302632E-20 -0.907218012101E-25
  0.254717665133E+06  0.576242822705E-20 -0.815916138673E-25
  0.260650808379E+06  0.530321701580E-20 -0.733802830706E-25
  0.266722152439E+06  0.488060060941E-20 -0.659953356515E-25
  0.272934916427E+06  0.449166274690E-20 -0.593536048854E-25
  0.279292394442E+06  0.413371956578E-20 -0.533802938968E-25
  0.285797957308E+06  0.380430108211E-20 -0.480081333225E-25
  0.292455054369E+06  0.350113414639E-20 -0.431766237474E-25
  0.299267215315E+06  0.322212675770E-20 -0.388313543812E-25
  0.306238052050E+06  0.296535362788E-20 -0.349233903026E-25
  0.313371260613E+06  0.272904289609E-20 -0.314087213713E-25
  0.320670623134E+06  0.251156390208E-20 -0.282477666008E-25
  0.328140009840E+06  0.231141593386E-20 -0.254049284115E-25
  0.335783381108E+06  0.212721787206E-20 -0.228481917426E-25
  0.343604789563E+06  0.195769865947E-20 -0.205487635095E-25
  0.351608382228E+06  0.180168853019E-20 -0.184807483466E-25
  0.359798402724E+06  0.165811093761E-20 -0.166208569822E-25
  0.368179193518E+06  0.152597512575E-20 -0.149481439626E-25
  0.376755198225E+06  0.140436929254E-20 -0.134437717721E-25
  0.385530963968E+06  0.129245429795E-20 -0.120907986914E-25
  0.394511143782E+06  0.118945787348E-20 -0.108739880053E-25
  0.403700499090E+06  0.109466929316E-20 -0.977963641252E-26
  0.413103902220E+06  0.100743446919E-20 -0.879541970386E-26
  0.422726338991E+06  0.927151438386E-21 -0.791025397099E-26
  0.432572911358E+06  0.853266208364E-21 -0.711417078348E-26
  0.442648840117E+06  0.785268934710E-21 -0.639820492769E-26
  0.452959467668E+06  0.722690402803E-21 -0.575429344369E-26
  0.463510260856E+06  0.665098790004E-21 -0.517518482299E-26
  0.474306813864E+06  0.612096685868E-21 -0.465435734451E-26
  0.485354851178E+06  0.563318349818E-21 -0.418594562925E-26
  0.496660230629E+06  0.518427187352E-21 -0.376467458644E-26
  0.508228946490E+06  0.477113427375E-21 -0.338580000722E-26
  0.520067132662E+06  0.439091984633E-21 -0.304505513709E-26
  0.532181065922E+06  0.404100492475E-21 -0.273860262513E-26
  0.544577169251E+06  0.371897492402E-21 -0.246299130909E-26
  0.557262015242E+06  0.342260767879E-21 -0.221511734962E-26
  0.570242329584E+06  0.314985810935E-21 -0.199218927590E-26
  0.583524994626E+06  0.289884410958E-21 -0.179169654903E-26
  0.597117053028E+06  0.266783355945E-21 -0.161138128923E-26
  0.611025711496E+06  0.245523237259E-21 -0.144921284840E-26
  0.625258344601E+06  0.225957349628E-21 -0.130336494163E-26
  0.639822498690E+06  0.207950678807E-21 -0.117219508020E-26
  0.654725895887E+06  0.191378969913E-21 -0.105422607449E-26
  0.669976438188E+06  0.176127870009E-21 -0.948129398354E-27
  0.685582211651E+06  0.162092139005E-21 -0.852710227694E-27
  0.701551490681E+06  0.149174923457E-21 -0.766893984805E-27
  0.717892742421E+06  0.137287088227E-21 -0.689714236828E-27
  0.734614631237E+06  0.126346601406E-21 -0.620301812127E-27
  0.751726023316E+06  0.116277968256E-21 -0.557875011972E-27
  0.769235991364E+06  0.107011710259E-21 -0.501730807324E-27
  0.787153819420E+06  0.984838856766E-22 -0.451236921561E-27
  0.805489007773E+06  0.906356483279E-22 -0.405824709998E-27
  0.824251278004E+06  0.834128415160E-22 -0.364982756011E-27
  0.843450578141E+06  0.767656243225E-22 -0.328251111634E-27
  0.863097087927E+06  0.706481276806E-22 -0.295216117788E-27
  0.883201224226E+06  0.650181378557E-22 -0.265505745793E-27
  0.903773646541E+06  0.598368051498E-22 -0.238785407711E-27
  0.924825262666E+06  0.550683758196E-22 -0.214754188334E-27
  0.946367234472E+06  0.506799453584E-22 -0.193141456378E-27
  0.968410983822E+06  0.466412314383E-22 -0.173703816727E-27
  0.990968198629E+06  0.429243649474E-22 -0.156222369404E-27
  0.101405083906E+07  0.395036976795E-22 -0.140500244394E-27
  0.103767114385E+07  0.363556253486E-22 -0.126360384559E-27
  0.106184163683E+07  0.334584247077E-22 -0.113643551688E-27
  0.108657513356E+07  0.307921036480E-22 -0.102206533206E-27
  0.111188474807E+07  0.283382632432E-22 -0.919205293635E-28
  0.113778389990E+07  0.260799707880E-22 -0.826697027424E-28
  0.116428632115E+07  0.240016429541E-22 -0.743498737317E-28
  0.119140606378E+07  0.220889382576E-22 -0.668673472934E-28
  0.121915750708E+07  0.203286580957E-22 -0.601378578017E-28
  0.124755536525E+07  0.187086556697E-22 -0.540856200727E-28
  0.127661469525E+07  0.172177521664E-22 -0.486424758975E-28
  0.130635090477E+07  0.158456596186E-22 -0.437471264684E-28
  0.133677976035E+07  0.145829099131E-22 -0.393444420525E-28
  0.136791739583E+07  0.134207894561E-22 -0.353848411402E-28
  0.139978032082E+07  0.123512790450E-22 -0.318237320749E-28
  0.143238542950E+07  0.113669985321E-22 -0.286210108776E-28
  0.146575000958E+07  0.104611558979E-22 -0.257406096095E-28
  0.149989175144E+07  0.962750038298E-23 -0.231500901873E-28
  0.153482875752E+07  0.886027935427E-23 -0.208202790769E-28
  0.157057955192E+07  0.815419860948E-23 -0.187249387511E-28
  0.160716309022E+07  0.750438584431E-23 -0.168404722116E-28
  0.164459876956E+07  0.690635703119E-23 -0.151456572478E-28
  0.168290643886E+07  0.635598547727E-23 -0.136214074395E-28
  0.172210640941E+07  0.584947334823E-23 -0.122505572124E-28
  0.176221946559E+07  0.538332546133E-23 -0.110176685251E-28
  0.180326687592E+07  0.495432516696E-23 -0.990885701149E-29
  0.184527040434E+07  0.455951215216E-23 -0.891163561970E-29
  0.188825232171E+07  0.419616201301E-23 -0.801477398717E-29
  0.193223541767E+07  0.386176745490E-23 -0.720817196828E-29
  0.197724301270E+07  0.355402099097E-23 -0.648274588996E-29
  0.202329897046E+07  0.327079901929E-23 -0.583032625453E-29
  0.207042771048E+07  0.301014716902E-23 -0.524356573761E-29
  0.211865422112E+07  0.277026681423E-23 -0.471585644513E-29
  0.216800407275E+07  0.254950266253E-23 -0.424125549749E-29
  0.221850343138E+07  0.234633133274E-23 -0.381441810290E-29
  0.227017907250E+07  0.215935084276E-23 -0.343053736620E-29
  0.232305839527E+07  0.198727093531E-23 -0.308529015525E-29
  0.237716943708E+07  0.182890417440E-23 -0.277478841533E-29
  0.243254088838E+07  0.168315775152E-23 -0.249553538320E-29
  0.248920210790E+07  0.154902594469E-23 -0.224438620775E-29
  0.254718313826E+07  0.142558317850E-23 -0.201851253380E-29
  0.260651472182E+07  0.131197763716E-23 -0.181537065013E-29
  0.266722831704E+07  0.120742538659E-23 -0.163267284309E-29
  0.272935611515E+07  0.111120496484E-23 -0.146836163312E-29
  0.279293105720E+07  0.102265240371E-23 -0.132058660420E-29
  0.285798685154E+07  0.941156646973E-24 -0.118768356504E-29
  0.292455799169E+07  0.866155333844E-24 -0.106815580757E-29
  0.299267977463E+07  0.797130918386E-24 -0.960657251493E-30
  0.306238831951E+07  0.733607098194E-24 -0.863977285251E-30
  0.313372058680E+07  0.675145527739E-24 -0.777027132639E-30
  0.320671439790E+07  0.621342793362E-24 -0.698827590904E-30
  0.328140845519E+07  0.571827629745E-24 -0.628498003851E-30
  0.335784236252E+07  0.526258357915E-24 -0.565246343993E-30
  0.343605664626E+07  0.484320527494E-24 -0.508360293009E-30
  0.351609277674E+07  0.445724746833E-24 -0.457199219865E-30
  0.359799319028E+07  0.410204686071E-24 -0.411186966247E-30
  0.368180131165E+07  0.377515239325E-24 -0.369805358067E-30
  0.376756157713E+07  0.347430833340E-24 -0.332588369961E-30
  0.385531945805E+07  0.319743870925E-24 -0.299116877080E-30
  0.394512148489E+07  0.294263298426E-24 -0.269013935046E-30
  0.403701527200E+07  0.270813287365E-24 -0.241940534932E-30
  0.413104954277E+07  0.249232021138E-24 -0.217591785470E-30
  0.422727415554E+07  0.229370578396E-24 -0.195693479462E-30
  0.432574012998E+07  0.211091905419E-24 -0.175999005757E-30
  0.442649967416E+07  0.194269870377E-24 -0.158286572003E-30
  0.452960621226E+07  0.178788392957E-24 -0.142356706894E-30
  0.463511441284E+07  0.164540643354E-24 -0.128030013798E-30
  0.474308021787E+07  0.151428305091E-24 -0.115145150452E-30
  0.485356087238E+07  0.139360896585E-24 -0.103557011979E-30
  0.496661495480E+07  0.128255146786E-24 -0.931350967696E-31
  0.508230240804E+07  0.118034420560E-24 -0.837620368193E-31
  0.520068457124E+07  0.108628189869E-24 -0.753322759673E-31
  0.532182421234E+07  0.999715470989E-25 -0.677508811615E-31
  0.544578556133E+07  0.920047571571E-25 -0.609324733550E-31
  0.557263434429E+07  0.846728452760E-25 -0.548002659965E-31
  0.570243781828E+07  0.779252176590E-25 -0.492852002869E-31
  0.583526480697E+07  0.717153123578E-25 -0.443251674631E-31
  0.597118573715E+07  0.660002779726E-25 -0.398643093502E-31
  0.611027267604E+07  0.607406779562E-25 -0.358523893065E-31
  0.625259936955E+07  0.559002184826E-25 -0.322442264757E-31
  0.639824128134E+07  0.514454980013E-25 -0.289991869754E-31
  0.654727563286E+07  0.473457767508E-25 -0.260807262927E-31
  0.669978144426E+07  0.435727646388E-25 -0.234559777324E-31
  0.685583957632E+07  0.401004260266E-25 -0.210953822837E-31
  0.701553277332E+07  0.369048000705E-25 -0.189723557369E-31
  0.717894570688E+07  0.339638353801E-25 -0.170629893010E-31
  0.734616502090E+07  0.312572378532E-25 -0.153457803513E-31
  0.751727937747E+07  0.287663306360E-25 -0.138013902743E-31
  0.769237950388E+07  0.264739252439E-25 -0.124124266830E-31
  0.787155824075E+07  0.243642029528E-25 -0.111632475496E-31
  0.805491059123E+07  0.224226056414E-25 -0.100397850506E-31
  0.824253377136E+07  0.206357353336E-25 -0.902938713977E-32
  0.843452726168E+07  0.189912617458E-25 -0.812067506511E-32
  0.863099285988E+07  0.174778372017E-25 -0.730341522545E-32
  0.883203473487E+07  0.160850183278E-25 -0.656840392302E-32
  0.903775948194E+07  0.148031939890E-25 -0.590736371467E-32
  0.924827617931E+07  0.136235189671E-25 -0.531285019410E-32
  0.946369644598E+07  0.125378529246E-25 -0.477816815559E-32
  0.968413450087E+07  0.115387042318E-25 -0.429729619488E-32
  0.990970722342E+07  0.106191782716E-25 -0.386481889820E-32
  0.101405342155E+08  0.977292986273E-26 -0.347586585577E-32
  0.103767378650E+08  0.899411947505E-26 -0.312605681288E-32
  0.106184434104E+08  0.827737293399E-26 -0.281145234105E-32
  0.108657790075E+08  0.761774433599E-26 -0.252850947347E-32
  0.111188757972E+08  0.701068191940E-26 -0.227404180540E-32
  0.113778679751E+08  0.645199665508E-26 -0.204518360993E-32
  0.116428928625E+08  0.593783333999E-26 -0.183935756520E-32
  0.119140909795E+08  0.546464399447E-26 -0.165424572944E-32
  0.121916061192E+08  0.502916337938E-26 -0.148776343716E-32
  0.124755854242E+08  0.462838646434E-26 -0.133803582234E-32
  0.127661794643E+08  0.425954769159E-26 -0.120337670436E-32
  0.130635423167E+08  0.392010189226E-26 -0.108226959877E-32
  0.133678316475E+08  0.360770672342E-26 -0.973350639234E-33
  0.136792087952E+08  0.332020650481E-26 -0.875393218079E-33
  0.139978388566E+08  0.305561734357E-26 -0.787294172695E-33
  0.143238907738E+08  0.281211344439E-26 -0.708061362093E-33
  0.146575374243E+08  0.258801451064E-26 -0.636802493752E-33
  0.149989557124E+08  0.238177414948E-26 -0.572715074933E-33
  0.153483266629E+08  0.219196920104E-26 -0.515077375284E-33
  0.157058355173E+08  0.201728991783E-26 -0.463240298957E-33
  0.160716718321E+08  0.185653092691E-26 -0.416620074721E-33
  0.164460295788E+08  0.170858291221E-26 -0.374691681728E-33
  0.168291072475E+08  0.157242495969E-26 -0.336982936912E-33
  0.172211079512E+08  0.144711751252E-26 -0.303069177427E-33
  0.176222395346E+08  0.133179588770E-26 -0.272568478238E-33
  0.180327146833E+08  0.122566430933E-26 -0.245137351015E-33
  0.184527510371E+08  0.112799041733E-26 -0.220466875889E-33
  0.188825713055E+08  0.103810021382E-26 -0.198279222496E-33
  0.193224033852E+08  0.955373412197E-27 -0.178324521156E-33
  0.197724804817E+08  0.879239156860E-27 -0.160378048922E-33
  0.202330412322E+08  0.809172084011E-27 -0.144237698827E-33
  0.207043298327E+08  0.744688696396E-27 -0.129721703828E-33
  0.211865961672E+08  0.685344026936E-27 -0.116666589810E-33
  0.216800959404E+08  0.630728568232E-27 -0.104925334591E-33
  0.221850908127E+08  0.580465446767E-27 -0.943657122137E-34
  0.227018485399E+08  0.534207822288E-27 -0.848688038628E-34
  0.232306431143E+08  0.491636494443E-27 -0.763276586392E-34
  0.237717549105E+08  0.452457700138E-27 -0.686460891185E-34
  0.243254708336E+08  0.416401086429E-27 -0.617375881205E-34
  0.248920844719E+08  0.383217844952E-27 -0.555243544953E-34
  0.254718962520E+08  0.352678995027E-27 -0.499364169540E-34
  0.260652135986E+08  0.324573803574E-27 -0.449108460759E-34
  0.266723510970E+08  0.298708330952E-27 -0.403910456194E-34
  0.272936306603E+08  0.274904092682E-27 -0.363261151542E-34
  0.279293816999E+08  0.252996827818E-27 -0.326702768388E-34
  0.285799413001E+08  0.232835365459E-27 -0.293823598861E-34
  0.292456543970E+08  0.214280581603E-27 -0.264253369121E-34
  0.299268739613E+08  0.197204439117E-27 -0.237659069464E-34
  0.306239611853E+08  0.181489104223E-27 -0.213741204081E-34
  0.313372856749E+08  0.167026133383E-27 -0.192230418242E-34
  0.320672256449E+08  0.153715724987E-27 -0.172884464913E-34
  0.328141681200E+08  0.141466030673E-27 -0.155485476657E-34
  0.335785091398E+08  0.130192521526E-27 -0.139837512083E-34
  0.343606539691E+08  0.119817404792E-27 -0.125764349224E-34
  0.351610173122E+08  0.110269087062E-27 -0.113107500985E-34
  0.359800235334E+08  0.101481680250E-27 -0.101724430318E-34
  0.368181068814E+08  0.933945469284E-28 -0.914869450166E-35
  0.376757117203E+08  0.859518819011E-28 -0.822797540596E-35
  0.385532927644E+08  0.791023271199E-28 -0.739991692464E-35
  0.394513153199E+08  0.727986172889E-28 -0.665519374935E-35
  0.403702555312E+08  0.669972537109E-28 -0.598541906516E-35
  0.413106006337E+08  0.616582041249E-28 -0.538305010115E-35
  0.422728492120E+08  0.567446264634E-28 -0.484130318630E-35
  0.432575114640E+08  0.522226146249E-28 -0.435407735415E-35
  0.442651094719E+08  0.480609645041E-28 -0.391588563583E-35
  0.452961774787E+08  0.442309586691E-28 -0.352179326770E-35
  0.463512621715E+08  0.407061681965E-28 -0.316736211776E-35
  0.474309229714E+08  0.374622702989E-28 -0.284860070494E-35
  0.485357323301E+08  0.344768804858E-28 -0.256191924842E-35
  0.496662760335E+08  0.317293980997E-28 -0.230408924074E-35
  0.508231535120E+08  0.292008641613E-28 -0.207220708949E-35
  0.520069781590E+08  0.268738305430E-28 -0.186366141807E-35
  0.532183776551E+08  0.247322395689E-28 -0.167610365721E-35
  0.544579943019E+08  0.227613132082E-28 -0.150742159626E-35
  0.557264853620E+08  0.209474511000E-28 -0.135571559616E-35
  0.570245234076E+08  0.192781367038E-28 -0.121927719640E-35
  0.583527966772E+08  0.177418509296E-28 -0.109656987488E-35
  0.597120094405E+08  0.163279926501E-28 -0.986211744182E-36
  0.611028823715E+08  0.150268055481E-28 -0.886959989180E-36
  0.625261529313E+08  0.138293107927E-28 -0.797696870928E-36
  0.639825757583E+08  0.127272450815E-28 -0.717417139049E-36
  0.654729230690E+08  0.117130036190E-28 -0.645216710957E-36
  0.669979850669E+08  0.107795876406E-28 -0.580282490394E-36
  0.685585703619E+08  0.992055611702E-29 -0.521883210616E-36
  0.701555063987E+08  0.912998130841E-29 -0.469361199126E-36
  0.717896398960E+08  0.840240785986E-29 -0.422124971188E-36
  0.734618372948E+08  0.773281515686E-29 -0.379642568735E-36
  0.751729852183E+08  0.711658268051E-29 -0.341435569637E-36
  0.769239909417E+08  0.654945812376E-29 -0.307073699880E-36
  0.787157828736E+08  0.602752804830E-29 -0.276169987967E-36
  0.805493110478E+08  0.554719088000E-29 -0.248376406977E-36
  0.824255476274E+08  0.510513205623E-29 -0.223379955212E-36
  0.843454874200E+08  0.469830115374E-29 -0.200899131274E-36
  0.863101484055E+08  0.432389083927E-29 -0.180680763895E-36
  0.883205722753E+08  0.397931749758E-29 -0.162497160812E-36
  0.903778249852E+08  0.366220340317E-29 -0.146143544575E-36
  0.924829973202E+08  0.337036031288E-29 -0.131435746410E-36
  0.946372054731E+08  0.310177436590E-29 -0.118208132180E-36
  0.968415916359E+08  0.285459218712E-29 -0.106311737066E-36
  0.990973246060E+08  0.262710809798E-29 -0.956125879806E-37
  0.101405600406E+09  0.241775234642E-29 -0.859901948046E-37
  0.103767642916E+09  0.222508027482E-29 -0.773361934731E-37
  0.106184704525E+09  0.204776235114E-29 -0.695531256150E-37
  0.108658066795E+09  0.188457499453E-29 -0.625533410111E-37
  0.111189041138E+09  0.173439213199E-29 -0.562580105071E-37
  0.113778969513E+09  0.159617742793E-29 -0.505962382673E-37
  0.116429225136E+09  0.146897713294E-29 -0.455042633703E-37
  0.119141213213E+09  0.135191350243E-29 -0.409247417552E-37
  0.121916371678E+09  0.124417873979E-29 -0.368061004328E-37
  0.124756171959E+09  0.114502942221E-29 -0.331019566885E-37
  0.127662119761E+09  0.105378137062E-29 -0.297705957362E-37
  0.130635755858E+09  0.969804928619E-30 -0.267745009404E-37
