  0.750000000000D+00  0.500000000000D-02  0.372364147927D-01  0.683064228622D+01
  0.000000000000D+00  0.100000000000D+01 -0.107895866548D+01
  0.987231606700D-05  0.999989348225D+00 -0.107894940778D+01
  0.101022718115D-04  0.999989100114D+00 -0.107894919214D+01
  0.103375839125D-04  0.999988846224D+00 -0.107894897148D+01
  0.105783771355D-04  0.999988586421D+00 -0.107894874568D+01
  0.108247791524D-04  0.999988320566D+00 -0.107894851461D+01
  0.110769206085D-04  0.999988048518D+00 -0.107894827817D+01
  0.113349351927D-04  0.999987770134D+00 -0.107894803622D+01
  0.115989597077D-04  0.999987485265D+00 -0.107894778863D+01
  0.118691341426D-04  0.999987193761D+00 -0.107894753527D+01
  0.121456017476D-04  0.999986895467D+00 -0.107894727602D+01
  0.124285091092D-04  0.999986590225D+00 -0.107894701072D+01
  0.127180062288D-04  0.999986277873D+00 -0.107894673925D+01
  0.130142466015D-04  0.999985958245D+00 -0.107894646145D+01
  0.133173872977D-04  0.999985631173D+00 -0.107894617718D+01
  0.136275890467D-04  0.999985296482D+00 -0.107894588629D+01
  0.139450163215D-04  0.999984953995D+00 -0.107894558862D+01
  0.142698374261D-04  0.999984603531D+00 -0.107894528402D+01
  0.146022245850D-04  0.999984244903D+00 -0.107894497232D+01
  0.149423540342D-04  0.999983877922D+00 -0.107894465337D+01
  0.152904061146D-04  0.999983502393D+00 -0.107894432698D+01
  0.156465653682D-04  0.999983118117D+00 -0.107894399299D+01
  0.160110206352D-04  0.999982724891D+00 -0.107894365123D+01
  0.163839651545D-04  0.999982322505D+00 -0.107894330150D+01
  0.167655966663D-04  0.999981910746D+00 -0.107894294362D+01
  0.171561175164D-04  0.999981489396D+00 -0.107894257741D+01
  0.175557347642D-04  0.999981058232D+00 -0.107894220267D+01
  0.179646602919D-04  0.999980617025D+00 -0.107894181920D+01
  0.183831109173D-04  0.999980165542D+00 -0.107894142680D+01
  0.188113085082D-04  0.999979703542D+00 -0.107894102525D+01
  0.192494801007D-04  0.999979230780D+00 -0.107894061436D+01
  0.196978580191D-04  0.999978747007D+00 -0.107894019389D+01
  0.201566799991D-04  0.999978251966D+00 -0.107893976363D+01
  0.206261893143D-04  0.999977745394D+00 -0.107893932335D+01
  0.211066349045D-04  0.999977227022D+00 -0.107893887281D+01
  0.215982715084D-04  0.999976696577D+00 -0.107893841177D+01
  0.221013597979D-04  0.999976153775D+00 -0.107893794000D+01
  0.226161665173D-04  0.999975598331D+00 -0.107893745724D+01
  0.231429646236D-04  0.999975029949D+00 -0.107893696323D+01
  0.236820334321D-04  0.999974448328D+00 -0.107893645772D+01
  0.242336587642D-04  0.999973853159D+00 -0.107893594043D+01
  0.247981330988D-04  0.999973244128D+00 -0.107893541109D+01
  0.253757557275D-04  0.999972620910D+00 -0.107893486942D+01
  0.259668329135D-04  0.999971983177D+00 -0.107893431514D+01
  0.265716780536D-04  0.999971330589D+00 -0.107893374794D+01
  0.271906118446D-04  0.999970662800D+00 -0.107893316753D+01
  0.278239624533D-04  0.999969979458D+00 -0.107893257360D+01
  0.284720656904D-04  0.999969280198D+00 -0.107893196584D+01
  0.291352651887D-04  0.999968564651D+00 -0.107893134392D+01
  0.298139125853D-04  0.999967832437D+00 -0.107893070751D+01
  0.305083677079D-04  0.999967083169D+00 -0.107893005628D+01
  0.312189987657D-04  0.999966316448D+00 -0.107892938988D+01
  0.319461825445D-04  0.999965531868D+00 -0.107892870796D+01
  0.326903046067D-04  0.999964729014D+00 -0.107892801015D+01
  0.334517594955D-04  0.999963907459D+00 -0.107892729609D+01
  0.342309509443D-04  0.999963066768D+00 -0.107892656539D+01
  0.350282920906D-04  0.999962206496D+00 -0.107892581768D+01
  0.358442056950D-04  0.999961326186D+00 -0.107892505254D+01
  0.366791243655D-04  0.999960425372D+00 -0.107892426959D+01
  0.375334907871D-04  0.999959503575D+00 -0.107892346840D+01
  0.384077579559D-04  0.999958560308D+00 -0.107892264854D+01
  0.393023894198D-04  0.999957595071D+00 -0.107892180959D+01
  0.402178595240D-04  0.999956607350D+00 -0.107892095109D+01
  0.411546536629D-04  0.999955596624D+00 -0.107892007260D+01
  0.421132685368D-04  0.999954562356D+00 -0.107891917364D+01
  0.430942124160D-04  0.999953503997D+00 -0.107891825375D+01
  0.440980054097D-04  0.999952420987D+00 -0.107891731243D+01
  0.451251797420D-04  0.999951312751D+00 -0.107891634918D+01
  0.461762800342D-04  0.999950178702D+00 -0.107891536349D+01
  0.472518635934D-04  0.999949018239D+00 -0.107891435484D+01
  0.483525007081D-04  0.999947830747D+00 -0.107891332270D+01
  0.494787749504D-04  0.999946615595D+00 -0.107891226651D+01
  0.506312834856D-04  0.999945372140D+00 -0.107891118572D+01
  0.518106373889D-04  0.999944099722D+00 -0.107891007976D+01
  0.530174619692D-04  0.999942797668D+00 -0.107890894803D+01
  0.542523971004D-04  0.999941465286D+00 -0.107890778994D+01
  0.555160975615D-04  0.999940101871D+00 -0.107890660488D+01
  0.568092333828D-04  0.999938706699D+00 -0.107890539221D+01
  0.581324902019D-04  0.999937279030D+00 -0.107890415129D+01
  0.594865696269D-04  0.999935818109D+00 -0.107890288147D+01
  0.608721896084D-04  0.999934323161D+00 -0.107890158207D+01
  0.622900848201D-04  0.999932793392D+00 -0.107890025240D+01
  0.637410070487D-04  0.999931227993D+00 -0.107889889176D+01
  0.652257255920D-04  0.999929626133D+00 -0.107889749942D+01
  0.667450276673D-04  0.999927986963D+00 -0.107889607465D+01
  0.682997188283D-04  0.999926309614D+00 -0.107889461669D+01
  0.698906233926D-04  0.999924593197D+00 -0.107889312477D+01
  0.715185848786D-04  0.999922836801D+00 -0.107889159809D+01
  0.731844664528D-04  0.999921039497D+00 -0.107889003585D+01
  0.748891513873D-04  0.999919200331D+00 -0.107888843723D+01
  0.766335435284D-04  0.999917318328D+00 -0.107888680136D+01
  0.784185677755D-04  0.999915392490D+00 -0.107888512739D+01
  0.802451705719D-04  0.999913421797D+00 -0.107888341442D+01
  0.821143204061D-04  0.999911405204D+00 -0.107888166155D+01
  0.840270083260D-04  0.999909341642D+00 -0.107887986785D+01
  0.859842484635D-04  0.999907230017D+00 -0.107887803237D+01
  0.879870785730D-04  0.999905069209D+00 -0.107887615413D+01
  0.900365605812D-04  0.999902858074D+00 -0.107887423214D+01
  0.921337811503D-04  0.999900595439D+00 -0.107887226537D+01
  0.942798522538D-04  0.999898280104D+00 -0.107887025280D+01
  0.964759117669D-04  0.999895910843D+00 -0.107886819334D+01
  0.987231240690D-04  0.999893486400D+00 -0.107886608590D+01
  0.101022680661D-03  0.999891005488D+00 -0.107886392938D+01
  0.103375800799D-03  0.999888466795D+00 -0.107886172262D+01
  0.105783732137D-03  0.999885868972D+00 -0.107885946445D+01
  0.108247751392D-03  0.999883210645D+00 -0.107885715368D+01
  0.110769165018D-03  0.999880490403D+00 -0.107885478908D+01
  0.113349309904D-03  0.999877706804D+00 -0.107885236940D+01
  0.115989554074D-03  0.999874858374D+00 -0.107884989336D+01
  0.118691297422D-03  0.999871943602D+00 -0.107884735963D+01
  0.121455972447D-03  0.999868960943D+00 -0.107884476688D+01
  0.124285045014D-03  0.999865908816D+00 -0.107884211374D+01
  0.127180015137D-03  0.999862785605D+00 -0.107883939879D+01
  0.130142417765D-03  0.999859589652D+00 -0.107883662059D+01
  0.133173823604D-03  0.999856319265D+00 -0.107883377768D+01
  0.136275839944D-03  0.999852972709D+00 -0.107883086854D+01
  0.139450111515D-03  0.999849548212D+00 -0.107882789164D+01
  0.142698321357D-03  0.999846043957D+00 -0.107882484538D+01
  0.146022191713D-03  0.999842458089D+00 -0.107882172816D+01
  0.149423484944D-03  0.999838788705D+00 -0.107881853833D+01
  0.152904004458D-03  0.999835033862D+00 -0.107881527419D+01
  0.156465595674D-03  0.999831191569D+00 -0.107881193401D+01
  0.160110146992D-03  0.999827259789D+00 -0.107880851602D+01
  0.163839590803D-03  0.999823236440D+00 -0.107880501840D+01
  0.167655904505D-03  0.999819119389D+00 -0.107880143931D+01
  0.171561111559D-03  0.999814906453D+00 -0.107879777684D+01
  0.175557282555D-03  0.999810595400D+00 -0.107879402905D+01
  0.179646536316D-03  0.999806183945D+00 -0.107879019395D+01
  0.183831041018D-03  0.999801669751D+00 -0.107878626951D+01
  0.188113015340D-03  0.999797050424D+00 -0.107878225365D+01
  0.192494729641D-03  0.999792323518D+00 -0.107877814424D+01
  0.196978507162D-03  0.999787486526D+00 -0.107877393909D+01
  0.201566725262D-03  0.999782536886D+00 -0.107876963598D+01
  0.206261816673D-03  0.999777471974D+00 -0.107876523262D+01
  0.211066270794D-03  0.999772289107D+00 -0.107876072669D+01
  0.215982635009D-03  0.999766985537D+00 -0.107875611578D+01
  0.221013516040D-03  0.999761558456D+00 -0.107875139745D+01
  0.226161581325D-03  0.999756004985D+00 -0.107874656921D+01
  0.231429560435D-03  0.999750322184D+00 -0.107874162848D+01
  0.236820246521D-03  0.999744507040D+00 -0.107873657265D+01
  0.242336497797D-03  0.999738556472D+00 -0.107873139904D+01
  0.247981239050D-03  0.999732467328D+00 -0.107872610490D+01
  0.253757463196D-03  0.999726236380D+00 -0.107872068743D+01
  0.259668232865D-03  0.999719860327D+00 -0.107871514374D+01
  0.265716682024D-03  0.999713335790D+00 -0.107870947091D+01
  0.271906017639D-03  0.999706659313D+00 -0.107870366591D+01
  0.278239521377D-03  0.999699827358D+00 -0.107869772567D+01
  0.284720551345D-03  0.999692836306D+00 -0.107869164705D+01
  0.291352543870D-03  0.999685682451D+00 -0.107868542680D+01
  0.298139015320D-03  0.999678362005D+00 -0.107867906164D+01
  0.305083563971D-03  0.999670871088D+00 -0.107867254819D+01
  0.312189871914D-03  0.999663205733D+00 -0.107866588299D+01
  0.319461707006D-03  0.999655361877D+00 -0.107865906251D+01
  0.326902924870D-03  0.999647335366D+00 -0.107865208312D+01
  0.334517470935D-03  0.999639121947D+00 -0.107864494113D+01
  0.342309382534D-03  0.999630717270D+00 -0.107863763274D+01
  0.350282791041D-03  0.999622116881D+00 -0.107863015409D+01
  0.358441924060D-03  0.999613316225D+00 -0.107862250119D+01
  0.366791107670D-03  0.999604310641D+00 -0.107861466999D+01
  0.375334768718D-03  0.999595095357D+00 -0.107860665633D+01
  0.384077437164D-03  0.999585665492D+00 -0.107859845597D+01
  0.393023748486D-03  0.999576016052D+00 -0.107859006455D+01
  0.402178446135D-03  0.999566141926D+00 -0.107858147761D+01
  0.411546384051D-03  0.999556037882D+00 -0.107857269061D+01
  0.421132529236D-03  0.999545698571D+00 -0.107856369888D+01
  0.430941964391D-03  0.999535118516D+00 -0.107855449765D+01
  0.440979890606D-03  0.999524292112D+00 -0.107854508203D+01
  0.451251630121D-03  0.999513213628D+00 -0.107853544703D+01
  0.461762629146D-03  0.999501877195D+00 -0.107852558754D+01
  0.472518460751D-03  0.999490276809D+00 -0.107851549832D+01
  0.483524827817D-03  0.999478406329D+00 -0.107850517402D+01
  0.494787566064D-03  0.999466259467D+00 -0.107849460915D+01
  0.506312647144D-03  0.999453829791D+00 -0.107848379813D+01
  0.518106181805D-03  0.999441110720D+00 -0.107847273520D+01
  0.530174423133D-03  0.999428095519D+00 -0.107846141449D+01
  0.542523769867D-03  0.999414777297D+00 -0.107844983000D+01
  0.555160769792D-03  0.999401149001D+00 -0.107843797557D+01
  0.568092123211D-03  0.999387203417D+00 -0.107842584492D+01
  0.581324686497D-03  0.999372933161D+00 -0.107841343161D+01
  0.594865475727D-03  0.999358330678D+00 -0.107840072905D+01
  0.608721670404D-03  0.999343388238D+00 -0.107838773048D+01
  0.622900617264D-03  0.999328097930D+00 -0.107837442903D+01
  0.637409834171D-03  0.999312451660D+00 -0.107836081761D+01
  0.652257014100D-03  0.999296441146D+00 -0.107834688902D+01
  0.667450029220D-03  0.999280057914D+00 -0.107833263584D+01
  0.682996935066D-03  0.999263293291D+00 -0.107831805053D+01
  0.698905974811D-03  0.999246138405D+00 -0.107830312532D+01
  0.715185583636D-03  0.999228584177D+00 -0.107828785231D+01
  0.731844393201D-03  0.999210621315D+00 -0.107827222337D+01
  0.748891236226D-03  0.999192240314D+00 -0.107825623022D+01
  0.766335151170D-03  0.999173431447D+00 -0.107823986436D+01
  0.784185387023D-03  0.999154184760D+00 -0.107822311710D+01
  0.802451408215D-03  0.999134490070D+00 -0.107820597954D+01
  0.821142899628D-03  0.999114336956D+00 -0.107818844259D+01
  0.840269771735D-03  0.999093714756D+00 -0.107817049693D+01
  0.859842165854D-03  0.999072612557D+00 -0.107815213304D+01
  0.879870459524D-03  0.999051019198D+00 -0.107813334116D+01
  0.900365272007D-03  0.999028923254D+00 -0.107811411131D+01
  0.921337469922D-03  0.999006313038D+00 -0.107809443327D+01
  0.942798173002D-03  0.998983176590D+00 -0.107807429660D+01
  0.964758759991D-03  0.998959501672D+00 -0.107805369060D+01
  0.987230874680D-03  0.998935275762D+00 -0.107803260432D+01
  0.101022643208D-02  0.998910486050D+00 -0.107801102656D+01
  0.103375762473D-02  0.998885119425D+00 -0.107798894586D+01
  0.105783692918D-02  0.998859162473D+00 -0.107796635049D+01
  0.108247711259D-02  0.998832601469D+00 -0.107794322845D+01
  0.110769123951D-02  0.998805422370D+00 -0.107791956744D+01
  0.113349267880D-02  0.998777610806D+00 -0.107789535491D+01
  0.115989511072D-02  0.998749152074D+00 -0.107787057797D+01
  0.118691253418D-02  0.998720031131D+00 -0.107784522347D+01
  0.121455927417D-02  0.998690232583D+00 -0.107781927793D+01
  0.124284998936D-02  0.998659740680D+00 -0.107779272757D+01
  0.127179967986D-02  0.998628539308D+00 -0.107776555827D+01
  0.130142369516D-02  0.998596611976D+00 -0.107773775560D+01
  0.133173774231D-02  0.998563941814D+00 -0.107770930476D+01
  0.136275789421D-02  0.998530511559D+00 -0.107768019065D+01
  0.139450059815D-02  0.998496303549D+00 -0.107765039779D+01
  0.142698268452D-02  0.998461299711D+00 -0.107761991033D+01
  0.146022137577D-02  0.998425481554D+00 -0.107758871208D+01
  0.149423429546D-02  0.998388830158D+00 -0.107755678643D+01
  0.152903947770D-02  0.998351326167D+00 -0.107752411642D+01
  0.156465537665D-02  0.998312949772D+00 -0.107749068467D+01
  0.160110087633D-02  0.998273680709D+00 -0.107745647341D+01
  0.163839530060D-02  0.998233498243D+00 -0.107742146444D+01
  0.167655842348D-02  0.998192381159D+00 -0.107738563914D+01
  0.171561047953D-02  0.998150307750D+00 -0.107734897845D+01
  0.175557217468D-02  0.998107255808D+00 -0.107731146288D+01
  0.179646469713D-02  0.998063202610D+00 -0.107727307247D+01
  0.183830972864D-02  0.998018124906D+00 -0.107723378679D+01
  0.188112945599D-02  0.997971998910D+00 -0.107719358494D+01
  0.192494658275D-02  0.997924800284D+00 -0.107715244553D+01
  0.196978434134D-02  0.997876504126D+00 -0.107711034667D+01
  0.201566650532D-02  0.997827084961D+00 -0.107706726595D+01
  0.206261740202D-02  0.997776516722D+00 -0.107702318045D+01
  0.211066192542D-02  0.997724772740D+00 -0.107697806669D+01
  0.215982554935D-02  0.997671825730D+00 -0.107693190067D+01
  0.221013434101D-02  0.997617647776D+00 -0.107688465781D+01
  0.226161497477D-02  0.997562210316D+00 -0.107683631294D+01
  0.231429474633D-02  0.997505484128D+00 -0.107678684034D+01
  0.236820158722D-02  0.997447439316D+00 -0.107673621366D+01
  0.242336407952D-02  0.997388045291D+00 -0.107668440593D+01
  0.247981147113D-02  0.997327270761D+00 -0.107663138956D+01
  0.253757369117D-02  0.997265083709D+00 -0.107657713630D+01
  0.259668136595D-02  0.997201451379D+00 -0.107652161727D+01
  0.265716583511D-02  0.997136340258D+00 -0.107646480286D+01
  0.271905916831D-02  0.997069716063D+00 -0.107640666282D+01
  0.278239418222D-02  0.997001543716D+00 -0.107634716616D+01
  0.284720445787D-02  0.996931787332D+00 -0.107628628116D+01
  0.291352435853D-02  0.996860410199D+00 -0.107622397537D+01
  0.298138904787D-02  0.996787374757D+00 -0.107616021558D+01
  0.305083450863D-02  0.996712642580D+00 -0.107609496780D+01
  0.312189756172D-02  0.996636174359D+00 -0.107602819723D+01
  0.319461588568D-02  0.996557929876D+00 -0.107595986825D+01
  0.326902803673D-02  0.996477867990D+00 -0.107588994443D+01
  0.334517346915D-02  0.996395946609D+00 -0.107581838847D+01
  0.342309255625D-02  0.996312122675D+00 -0.107574516219D+01
  0.350282661175D-02  0.996226352138D+00 -0.107567022651D+01
  0.358441791169D-02  0.996138589934D+00 -0.107559354145D+01
  0.366790971684D-02  0.996048789964D+00 -0.107551506607D+01
  0.375334629565D-02  0.995956905067D+00 -0.107543475849D+01
  0.384077294770D-02  0.995862886999D+00 -0.107535257582D+01
  0.393023602775D-02  0.995766686407D+00 -0.107526847418D+01
  0.402178297030D-02  0.995668252806D+00 -0.107518240866D+01
  0.411546231472D-02  0.995567534548D+00 -0.107509433328D+01
  0.421132373104D-02  0.995464478802D+00 -0.107500420098D+01
  0.430941804622D-02  0.995359031525D+00 -0.107491196361D+01
  0.440979727116D-02  0.995251137433D+00 -0.107481757186D+01
  0.451251462822D-02  0.995140739974D+00 -0.107472097530D+01
  0.461762457951D-02  0.995027781299D+00 -0.107462212226D+01
  0.472518285567D-02  0.994912202237D+00 -0.107452095990D+01
  0.483524648553D-02  0.994793942257D+00 -0.107441743411D+01
  0.494787382625D-02  0.994672939444D+00 -0.107431148951D+01
  0.506312459432D-02  0.994549130468D+00 -0.107420306941D+01
  0.518105989720D-02  0.994422450546D+00 -0.107409211581D+01
  0.530174226574D-02  0.994292833417D+00 -0.107397856930D+01
  0.542523568729D-02  0.994160211304D+00 -0.107386236910D+01
  0.555160563970D-02  0.994024514881D+00 -0.107374345299D+01
  0.568091912595D-02  0.993885673240D+00 -0.107362175729D+01
  0.581324470974D-02  0.993743613854D+00 -0.107349721678D+01
  0.594865255184D-02  0.993598262541D+00 -0.107336976476D+01
  0.608721444724D-02  0.993449543428D+00 -0.107323933289D+01
  0.622900386328D-02  0.993297378913D+00 -0.107310585128D+01
  0.637409597855D-02  0.993141689625D+00 -0.107296924833D+01
  0.652256772279D-02  0.992982394387D+00 -0.107282945079D+01
  0.667449781767D-02  0.992819410175D+00 -0.107268638365D+01
  0.682996681849D-02  0.992652652076D+00 -0.107253997016D+01
  0.698905715696D-02  0.992482033248D+00 -0.107239013171D+01
  0.715185318485D-02  0.992307464875D+00 -0.107223678787D+01
  0.731844121875D-02  0.992128856128D+00 -0.107207985628D+01
  0.748890958580D-02  0.991946114115D+00 -0.107191925264D+01
  0.766334867056D-02  0.991759143837D+00 -0.107175489065D+01
  0.784185096291D-02  0.991567848144D+00 -0.107158668198D+01
  0.802451110711D-02  0.991372127688D+00 -0.107141453618D+01
  0.821142595194D-02  0.991171880871D+00 -0.107123836068D+01
  0.840269460210D-02  0.990967003798D+00 -0.107105806069D+01
  0.859841847073D-02  0.990757390228D+00 -0.107087353920D+01
  0.879870133317D-02  0.990542931521D+00 -0.107068469688D+01
  0.900364938203D-02  0.990323516586D+00 -0.107049143203D+01
  0.921337128342D-02  0.990099031827D+00 -0.107029364057D+01
  0.942797823465D-02  0.989869361093D+00 -0.107009121590D+01
  0.964758402313D-02  0.989634385615D+00 -0.106988404893D+01
  0.987230508671D-02  0.989393983955D+00 -0.106967202794D+01
  0.101022605754D-01  0.989148031950D+00 -0.106945503858D+01
  0.103375724147D-01  0.988896402645D+00 -0.106923296377D+01
  0.105783653699D-01  0.988638966243D+00 -0.106900568364D+01
  0.108247671127D-01  0.988375590037D+00 -0.106877307545D+01
  0.110769082884D-01  0.988106138349D+00 -0.106853501357D+01
  0.113349225857D-01  0.987830472469D+00 -0.106829136934D+01
  0.115989468070D-01  0.987548450590D+00 -0.106804201106D+01
  0.118691209414D-01  0.987259927738D+00 -0.106778680386D+01
  0.121455882388D-01  0.986964755711D+00 -0.106752560968D+01
  0.124284952859D-01  0.986662783006D+00 -0.106725828715D+01
  0.127179920835D-01  0.986353854751D+00 -0.106698469151D+01
  0.130142321266D-01  0.986037812635D+00 -0.106670467456D+01
  0.133173724857D-01  0.985714494834D+00 -0.106641808456D+01
  0.136275738897D-01  0.985383735939D+00 -0.106612476611D+01
  0.139450008114D-01  0.985045366882D+00 -0.106582456012D+01
  0.142698215548D-01  0.984699214856D+00 -0.106551730369D+01
  0.146022083440D-01  0.984345103242D+00 -0.106520283000D+01
  0.149423374148D-01  0.983982851529D+00 -0.106488096825D+01
  0.152903891082D-01  0.983612275231D+00 -0.106455154353D+01
  0.156465479656D-01  0.983233185810D+00 -0.106421437675D+01
  0.160110028273D-01  0.982845390590D+00 -0.106386928450D+01
  0.163839469318D-01  0.982448692673D+00 -0.106351607901D+01
  0.167655780190D-01  0.982042890855D+00 -0.106315456794D+01
  0.171560984348D-01  0.981627779537D+00 -0.106278455438D+01
  0.175557152381D-01  0.981203148639D+00 -0.106240583666D+01
  0.179646403111D-01  0.980768783507D+00 -0.106201820826D+01
  0.183830904710D-01  0.980324464825D+00 -0.106162145771D+01
  0.188112875857D-01  0.979869968519D+00 -0.106121536842D+01
  0.192494586909D-01  0.979405065668D+00 -0.106079971860D+01
  0.196978361105D-01  0.978929522401D+00 -0.106037428112D+01
  0.201566575803D-01  0.978443099810D+00 -0.105993882337D+01
  0.206261663732D-01  0.977945553841D+00 -0.105949310712D+01
  0.211066114291D-01  0.977436635206D+00 -0.105903688840D+01
  0.215982474861D-01  0.976916089270D+00 -0.105856991736D+01
  0.221013352161D-01  0.976383655961D+00 -0.105809193811D+01
  0.226161413629D-01  0.975839069655D+00 -0.105760268856D+01
  0.231429388832D-01  0.975282059082D+00 -0.105710190032D+01
  0.236820070922D-01  0.974712347211D+00 -0.105658929847D+01
  0.242336318108D-01  0.974129651147D+00 -0.105606460148D+01
  0.247981055175D-01  0.973533682023D+00 -0.105552752099D+01
  0.253757275038D-01  0.972924144889D+00 -0.105497776166D+01
  0.259668040324D-01  0.972300738598D+00 -0.105441502099D+01
  0.265716484998D-01  0.971663155702D+00 -0.105383898916D+01
  0.271905816024D-01  0.971011082331D+00 -0.105324934887D+01
  0.278239315066D-01  0.970344198083D+00 -0.105264577508D+01
  0.284720340229D-01  0.969662175908D+00 -0.105202793491D+01
  0.291352327835D-01  0.968964681992D+00 -0.105139548738D+01
  0.298138794253D-01  0.968251375642D+00 -0.105074808327D+01
  0.305083337755D-01  0.967521909165D+00 -0.105008536486D+01
  0.312189640429D-01  0.966775927752D+00 -0.104940696577D+01
  0.319461470130D-01  0.966013069360D+00 -0.104871251071D+01
  0.326902682475D-01  0.965232964592D+00 -0.104800161530D+01
  0.334517222895D-01  0.964435236574D+00 -0.104727388583D+01
  0.342309128716D-01  0.963619500842D+00 -0.104652891902D+01
  0.350282531310D-01  0.962785365215D+00 -0.104576630181D+01
  0.358441658279D-01  0.961932429678D+00 -0.104498561111D+01
  0.366790835699D-01  0.961060286261D+00 -0.104418641357D+01
  0.375334490412D-01  0.960168518918D+00 -0.104336826532D+01
  0.384077152376D-01  0.959256703410D+00 -0.104253071172D+01
  0.393023457064D-01  0.958324407183D+00 -0.104167328711D+01
  0.402178147925D-01  0.957371189249D+00 -0.104079551453D+01
  0.411546078894D-01  0.956396600070D+00 -0.103989690545D+01
  0.421132216972D-01  0.955400181442D+00 -0.103897695954D+01
  0.430941644853D-01  0.954381466375D+00 -0.103803516431D+01
  0.440979563625D-01  0.953339978985D+00 -0.103707099490D+01
  0.451251295524D-01  0.952275234376D+00 -0.103608391373D+01
  0.461762286755D-01  0.951186738532D+00 -0.103507337026D+01
  0.472518110384D-01  0.950073988209D+00 -0.103403880061D+01
  0.483524469289D-01  0.948936470828D+00 -0.103297962733D+01
  0.494787199185D-01  0.947773664373D+00 -0.103189525906D+01
  0.506312271720D-01  0.946585037288D+00 -0.103078509017D+01
  0.518105797636D-01  0.945370048385D+00 -0.102964850049D+01
  0.530174030015D-01  0.944128146746D+00 -0.102848485496D+01
  0.542523367592D-01  0.942858771638D+00 -0.102729350330D+01
  0.555160358147D-01  0.941561352424D+00 -0.102607377964D+01
  0.568091701978D-01  0.940235308489D+00 -0.102482500222D+01
  0.581324255452D-01  0.938880049161D+00 -0.102354647303D+01
  0.594865034641D-01  0.937494973646D+00 -0.102223747743D+01
  0.608721219044D-01  0.936079470964D+00 -0.102089728382D+01
  0.622900155391D-01  0.934632919891D+00 -0.101952514329D+01
  0.637409361539D-01  0.933154688918D+00 -0.101812028921D+01
  0.652256530459D-01  0.931644136204D+00 -0.101668193692D+01
  0.667449534314D-01  0.930100609545D+00 -0.101520928332D+01
  0.682996428632D-01  0.928523446357D+00 -0.101370150652D+01
  0.698905456581D-01  0.926911973656D+00 -0.101215776546D+01
  0.715185053335D-01  0.925265508060D+00 -0.101057719955D+01
  0.731843850548D-01  0.923583355795D+00 -0.100895892828D+01
  0.748890680933D-01  0.921864812720D+00 -0.100730205087D+01
  0.766334582942D-01  0.920109164353D+00 -0.100560564589D+01
  0.784184805560D-01  0.918315685927D+00 -0.100386877089D+01
  0.802450813207D-01  0.916483642444D+00 -0.100209046204D+01
  0.821142290761D-01  0.914612288756D+00 -0.100026973378D+01
  0.840269148685D-01  0.912700869657D+00 -0.998405578476D+00
  0.859841528292D-01  0.910748619995D+00 -0.996496966043D+00
  0.879869807111D-01  0.908754764798D+00 -0.994542843645D+00
  0.900364604398D-01  0.906718519424D+00 -0.992542135359D+00
  0.921336786762D-01  0.904639089733D+00 -0.990493741858D+00
  0.942797473929D-01  0.902515672275D+00 -0.988396540122D+00
  0.964758044635D-01  0.900347454503D+00 -0.986249383149D+00
  0.987230142661D-01  0.898133615017D+00 -0.984051099699D+00
  0.101022568301D+00  0.895873323823D+00 -0.981800494047D+00
  0.103375685821D+00  0.893565742628D+00 -0.979496345766D+00
  0.105783614481D+00  0.891210025159D+00 -0.977137409535D+00
  0.108247630995D+00  0.888805317514D+00 -0.974722414971D+00
  0.110769041818D+00  0.886350758543D+00 -0.972250066504D+00
  0.113349183833D+00  0.883845480268D+00 -0.969719043274D+00
  0.115989425067D+00  0.881288608326D+00 -0.967127999078D+00
  0.118691165410D+00  0.878679262464D+00 -0.964475562356D+00
  0.121455837359D+00  0.876016557061D+00 -0.961760336221D+00
  0.124284906781D+00  0.873299601694D+00 -0.958980898548D+00
  0.127179873683D+00  0.870527501750D+00 -0.956135802114D+00
  0.130142273017D+00  0.867699359075D+00 -0.953223574799D+00
  0.133173675484D+00  0.864814272676D+00 -0.950242719858D+00
  0.136275688374D+00  0.861871339464D+00 -0.947191716262D+00
  0.139449956414D+00  0.858869655059D+00 -0.944069019121D+00
  0.142698162643D+00  0.855808314632D+00 -0.940873060186D+00
  0.146022029303D+00  0.852686413812D+00 -0.937602248450D+00
  0.149423318750D+00  0.849503049650D+00 -0.934254970843D+00
  0.152903834394D+00  0.846257321635D+00 -0.930829593034D+00
  0.156465421648D+00  0.842948332774D+00 -0.927324460351D+00
  0.160109968913D+00  0.839575190739D+00 -0.923737898816D+00
  0.163839408575D+00  0.836137009074D+00 -0.920068216322D+00
  0.167655718033D+00  0.832632908471D+00 -0.916313703938D+00
  0.171560920743D+00  0.829062018116D+00 -0.912472637374D+00
  0.175557087295D+00  0.825423477106D+00 -0.908543278602D+00
  0.179646336508D+00  0.821716435940D+00 -0.904523877643D+00
  0.183830836556D+00  0.817940058085D+00 -0.900412674538D+00
  0.188112806115D+00  0.814093521619D+00 -0.896207901515D+00
  0.192494515542D+00  0.810176020954D+00 -0.891907785345D+00
  0.196978288077D+00  0.806186768636D+00 -0.887510549924D+00
  0.201566501073D+00  0.802124997231D+00 -0.883014419077D+00
  0.206261587262D+00  0.797989961291D+00 -0.878417619589D+00
  0.211066036039D+00  0.793780939406D+00 -0.873718384504D+00
  0.215982394787D+00  0.789497236339D+00 -0.868914956663D+00
  0.221013270222D+00  0.785138185243D+00 -0.864005592528D+00
  0.226161329781D+00  0.780703149973D+00 -0.858988566285D+00
  0.231429303031D+00  0.776191527468D+00 -0.853862174242D+00
  0.236819983123D+00  0.771602750231D+00 -0.848624739529D+00
  0.242336228263D+00  0.766936288884D+00 -0.843274617121D+00
  0.247980963238D+00  0.762191654805D+00 -0.837810199175D+00
  0.253757180959D+00  0.757368402847D+00 -0.832229920714D+00
  0.259667944054D+00  0.752466134130D+00 -0.826532265636D+00
  0.265716386485D+00  0.747484498912D+00 -0.820715773085D+00
  0.271905715216D+00  0.742423199522D+00 -0.814779044165D+00
  0.278239211911D+00  0.737281993360D+00 -0.808720749008D+00
  0.284720234670D+00  0.732060695963D+00 -0.802539634201D+00
  0.291352219818D+00  0.726759184109D+00 -0.796234530563D+00
  0.298138683720D+00  0.721377398982D+00 -0.789804361275D+00
  0.305083224648D+00  0.715915349367D+00 -0.783248150350D+00
  0.312189524687D+00  0.710373114870D+00 -0.776565031430D+00
  0.319461351691D+00  0.704750849164D+00 -0.769754256913D+00
  0.326902561278D+00  0.699048783237D+00 -0.762815207367D+00
  0.334517098874D+00  0.693267228641D+00 -0.755747401229D+00
  0.342309001807D+00  0.687406580713D+00 -0.748550504756D+00
  0.350282401445D+00  0.681467321772D+00 -0.741224342191D+00
  0.358441525389D+00  0.675450024267D+00 -0.733768906116D+00
  0.366790699713D+00  0.669355353857D+00 -0.726184367944D+00
  0.375334351259D+00  0.663184072407D+00 -0.718471088504D+00
  0.384077009982D+00  0.656937040893D+00 -0.710629628668D+00
  0.393023311353D+00  0.650615222171D+00 -0.702660759949D+00
  0.402177998820D+00  0.644219683616D+00 -0.694565475022D+00
  0.411545926316D+00  0.637751599591D+00 -0.686344998079D+00
  0.421132060839D+00  0.631212253731D+00 -0.678000794945D+00
  0.430941485084D+00  0.624603041016D+00 -0.669534582878D+00
  0.440979400135D+00  0.617925469610D+00 -0.660948339946D+00
  0.451251128225D+00  0.611181162445D+00 -0.652244313905D+00
  0.461762115560D+00  0.604371858514D+00 -0.643425030460D+00
  0.472517935201D+00  0.597499413862D+00 -0.634493300817D+00
  0.483524290025D+00  0.590565802247D+00 -0.625452228405D+00
  0.494787015746D+00  0.583573115432D+00 -0.616305214674D+00
  0.506312084007D+00  0.576523563111D+00 -0.607055963837D+00
  0.518105605551D+00  0.569419472422D+00 -0.597708486459D+00
  0.530173833456D+00  0.562263287040D+00 -0.588267101771D+00
  0.542523166455D+00  0.555057565820D+00 -0.578736438613D+00
  0.555160152325D+00  0.547804980988D+00 -0.569121434877D+00
  0.568091491362D+00  0.540508315839D+00 -0.559427335383D+00
  0.581324039929D+00  0.533170461959D+00 -0.549659688070D+00
  0.594864814099D+00  0.525794415930D+00 -0.539824338434D+00
  0.608720993365D+00  0.518383275540D+00 -0.529927422142D+00
  0.622899924455D+00  0.510940235464D+00 -0.519975355764D+00
  0.637409125224D+00  0.503468582449D+00 -0.509974825578D+00
  0.652256288639D+00  0.495971689972D+00 -0.499932774435D+00
  0.667449286861D+00  0.488453012411D+00 -0.489856386665D+00
  0.682996175416D+00  0.480916078720D+00 -0.479753071053D+00
  0.698905197466D+00  0.473364485632D+00 -0.469630441905D+00
  0.715184788184D+00  0.465801890414D+00 -0.459496298285D+00
  0.731843579221D+00  0.458232003198D+00 -0.449358601477D+00
  0.748890403286D+00  0.450658578914D+00 -0.439225450802D+00
  0.766334298828D+00  0.443085408875D+00 -0.429105057899D+00
  0.784184514828D+00  0.435516312028D+00 -0.419005719628D+00
  0.802450515704D+00  0.427955125944D+00 -0.408935789769D+00
  0.821141986327D+00  0.420405697571D+00 -0.398903649698D+00
  0.840268837161D+00  0.412871873809D+00 -0.388917678256D+00
  0.859841209511D+00  0.405357491963D+00 -0.378986221039D+00
  0.879869480905D+00  0.397866370124D+00 -0.369117559334D+00
  0.900364270593D+00  0.390402297532D+00 -0.359319878963D+00
  0.921336445182D+00  0.382969024997D+00 -0.349601239279D+00
  0.942797124393D+00  0.375570255404D+00 -0.339969542578D+00
  0.964757686957D+00  0.368209634403D+00 -0.330432504180D+00
  0.987229776652D+00  0.360890741295D+00 -0.320997623436D+00
  0.101022530847D+01  0.353617080213D+00 -0.311672155901D+00
  0.103375647495D+01  0.346392071621D+00 -0.302463086910D+00
  0.105783575262D+01  0.339219044197D+00 -0.293377106780D+00
  0.108247590863D+01  0.332101227146D+00 -0.284420587822D+00
  0.110769000751D+01  0.325041742986D+00 -0.275599563366D+00
  0.113349141810D+01  0.318043600841D+00 -0.266919708934D+00
  0.115989382065D+01  0.311109690287D+00 -0.258386325701D+00
  0.118691121406D+01  0.304242775774D+00 -0.250004326348D+00
  0.121455792330D+01  0.297445491646D+00 -0.241778223375D+00
  0.124284860703D+01  0.290720337785D+00 -0.233712119930D+00
  0.127179826532D+01  0.284069675892D+00 -0.225809703159D+00
  0.130142224768D+01  0.277495726400D+00 -0.218074240081D+00
  0.133173626111D+01  0.271000566044D+00 -0.210508575942D+00
  0.136275637850D+01  0.264586126064D+00 -0.203115134979D+00
  0.139449904714D+01  0.258254191045D+00 -0.195895923526D+00
  0.142698109739D+01  0.252006398379D+00 -0.188852535331D+00
  0.146021975166D+01  0.245844238326D+00 -0.181986158979D+00
  0.149423263353D+01  0.239769054665D+00 -0.175297587251D+00
  0.152903777706D+01  0.233782045894D+00 -0.168787228292D+00
  0.156465363639D+01  0.227884266966D+00 -0.162455118387D+00
  0.160109909553D+01  0.222076631518D+00 -0.156300936199D+00
  0.163839347833D+01  0.216359914567D+00 -0.150324018262D+00
  0.167655655876D+01  0.210734755637D+00 -0.144523375563D+00
  0.171560857138D+01  0.205201662277D+00 -0.138897711017D+00
  0.175557022208D+01  0.199761013935D+00 -0.133445437668D+00
  0.179646269905D+01  0.194413066156D+00 -0.128164697416D+00
  0.183830768402D+01  0.189157955058D+00 -0.123053380128D+00
  0.188112736374D+01  0.183995702047D+00 -0.118109142950D+00
  0.192494444176D+01  0.178926218750D+00 -0.113329429676D+00
  0.196978215048D+01  0.173949312114D+00 -0.108711490034D+00
  0.201566426344D+01  0.169064689647D+00 -0.104252398756D+00
  0.206261510792D+01  0.164271964762D+00 -0.999490743101D-01
  0.211065957788D+01  0.159570662198D+00 -0.957982972026D-01
  0.215982314713D+01  0.154960223494D+00 -0.917967277408D-01
  0.221013188283D+01  0.150440012472D+00 -0.879409231881D-01
  0.226161245933D+01  0.146009320728D+00 -0.842273542379D-01
  0.231429217230D+01  0.141667373087D+00 -0.806524207524D-01
  0.236819895323D+01  0.137413333022D+00 -0.772124667202D-01
  0.242336138418D+01  0.133246307999D+00 -0.739037943993D-01
  0.247980871300D+01  0.129165354748D+00 -0.707226776226D-01
  0.253757086881D+01  0.125169484443D+00 -0.676653742492D-01
  0.259667847784D+01  0.121257667771D+00 -0.647281377577D-01
  0.265716287973D+01  0.117428839894D+00 -0.619072279822D-01
  0.271905614409D+01  0.113681905289D+00 -0.591989209993D-01
  0.278239108755D+01  0.110015742454D+00 -0.565995181815D-01
  0.284720129112D+01  0.106429208496D+00 -0.541053544373D-01
  0.291352111801D+01  0.102921143572D+00 -0.517128056624D-01
  0.298138573187D+01  0.994903752120D-01 -0.494182954301D-01
  0.305083111540D+01  0.961357224895D-01 -0.472183009546D-01
  0.312189408945D+01  0.928560000769D-01 -0.451093583604D-01
  0.319461233253D+01  0.896500221605D-01 -0.430880672950D-01
  0.326902440081D+01  0.865166062326D-01 -0.411510949239D-01
  0.334516974854D+01  0.834545767595D-01 -0.392951793481D-01
  0.342308874898D+01  0.804627687317D-01 -0.375171324839D-01
  0.350282271580D+01  0.775400310979D-01 -0.358138424480D-01
  0.358441392499D+01  0.746852300909D-01 -0.341822754885D-01
  0.366790563728D+01  0.718972524458D-01 -0.326194775065D-01
  0.375334212106D+01  0.691750085167D-01 -0.311225752081D-01
  0.384076867588D+01  0.665174352927D-01 -0.296887769327D-01
  0.393023165642D+01  0.639234993159D-01 -0.283153731990D-01
  0.402177849715D+01  0.613921994998D-01 -0.269997370120D-01
  0.411545773738D+01  0.589225698465D-01 -0.257393239762D-01
  0.421131904707D+01  0.565136820568D-01 -0.245316722580D-01
  0.430941325315D+01  0.541646480249D-01 -0.233744024416D-01
  0.440979236644D+01  0.518746222048D-01 -0.222652173254D-01
  0.451250960927D+01  0.496428038312D-01 -0.212019017020D-01
  0.461761944364D+01  0.474684389709D-01 -0.201823221702D-01
  0.472517760018D+01  0.453508223757D-01 -0.192044270230D-01
  0.483524110762D+01  0.432892990987D-01 -0.182662462586D-01
  0.494786832307D+01  0.412832658274D-01 -0.173658917571D-01
  0.506311896295D+01  0.393321718786D-01 -0.165015576657D-01
  0.518105413467D+01  0.374355197884D-01 -0.156715210274D-01
  0.530173636898D+01  0.355928654190D-01 -0.148741426845D-01
  0.542522965318D+01  0.338038174950D-01 -0.141078684758D-01
  0.555159946503D+01  0.320680364683D-01 -0.133712307327D-01
  0.568091280745D+01  0.303852326016D-01 -0.126628500602D-01
  0.581323824407D+01  0.287551631546D-01 -0.119814373647D-01
  0.594864593556D+01  0.271776285491D-01 -0.113257960568D-01
  0.608720767685D+01  0.256524673945D-01 -0.106948243222D-01
  0.622899693519D+01  0.241795502611D-01 -0.100875173024D-01
  0.637408888908D+01  0.227587721101D-01 -0.950296896346D-02
  0.652256046819D+01  0.213900433265D-01 -0.894037328148D-02
  0.667449039408D+01  0.200732794098D-01 -0.839902329387D-02
  0.683064228622D+01  0.188030154654D-01 -0.787611759312D-02
  0.699044753713D+01  0.175849439180D-01 -0.737351688728D-02
  0.715327615982D+01  0.164238733915D-01 -0.689284497365D-02
  0.731989755261D+01  0.153142214766D-01 -0.643157750201D-02
  0.749040006056D+01  0.142557271173D-01 -0.598946938047D-02
  0.766487408655D+01  0.132480489606D-01 -0.556634643953D-02
  0.784341213923D+01  0.122907503715D-01 -0.516209044275D-02
  0.802610888205D+01  0.113832857807D-01 -0.477662328682D-02
  0.821306118345D+01  0.105249889407D-01 -0.440988965010D-02
  0.840436816823D+01  0.971506369810D-02 -0.406183860756D-02
  0.860013127012D+01  0.895257783210D-02 -0.373240501556D-02
  0.880045428553D+01  0.823646039027D-02 -0.342149159806D-02
  0.900544342861D+01  0.756550279067D-02 -0.312895269597D-02
  0.921520738756D+01  0.693836376397D-02 -0.285458057486D-02
  0.942985738226D+01  0.635357800254D-02 -0.259809502712D-02
  0.964950722321D+01  0.580956818255D-02 -0.235913677110D-02
  0.987427337195D+01  0.530465985010D-02 -0.213726486905D-02
  0.101042750027D+02  0.483709852837D-02 -0.193195809341D-02
  0.103396340657D+02  0.440506832131D-02 -0.174261990099D-02
  0.105804753516D+02  0.400671126359D-02 -0.156858645745D-02
  0.108269265580D+02  0.364014669016D-02 -0.140913700481D-02
  0.110791183569D+02  0.330348997312D-02 -0.126350579798D-02
  0.113371844640D+02  0.299487007376D-02 -0.113089483790D-02
  0.116012617097D+02  0.271244548112D-02 -0.101048669410D-02
  0.118714901114D+02  0.245441823754D-02 -0.901456817626D-03
  0.121480129483D+02  0.221904587597D-02 -0.802984877345D-03
  0.124309768368D+02  0.200465120642D-02 -0.714264791974D-03
  0.127205318082D+02  0.180962998303D-02 -0.634513262862D-03
  0.130168313889D+02  0.163245655759D-02 -0.562976728501D-03
  0.133200326812D+02  0.147168767935D-02 -0.498936756406D-03
  0.136302964468D+02  0.132596463550D-02 -0.441713958981D-03
  0.139477871919D+02  0.119401394562D-02 -0.390670568688D-03
  0.142726732548D+02  0.107464682820D-02 -0.345211836627D-03
  0.146051268947D+02  0.966757652307D-03 -0.304786431286D-03
  0.149453243833D+02  0.869321575099D-03 -0.268886014298D-03
  0.152934460983D+02  0.781391548203D-03 -0.237044161361D-03
  0.156496766187D+02  0.702094856383D-03 -0.208834781896D-03
  0.160142048232D+02  0.630629330502D-03 -0.183870173275D-03
  0.163872239899D+02  0.566259356018D-03 -0.161798826393D-03
  0.167689318989D+02  0.508311778251D-03 -0.142303080357D-03
  0.171595309371D+02  0.456171787282D-03 -0.125096706175D-03
  0.175592282060D+02  0.409278848821D-03 -0.109922483001D-03
  0.179682356307D+02  0.367122732808D-03 -0.965498161219D-04
  0.183867700728D+02  0.329239678966D-03 -0.847724334694D-04
  0.188150534453D+02  0.295208727820D-03 -0.744061870391D-04
  0.192533128303D+02  0.264648236798D-03 -0.652869769927D-04
  0.197017805992D+02  0.237212593657D-03 -0.572688092819D-04
  0.201606945360D+02  0.212589133556D-03 -0.502219921345D-04
  0.206302979636D+02  0.190495261354D-03 -0.440314724824D-04
  0.211108398725D+02  0.170675777004D-03 -0.385953101991D-04
  0.216025750528D+02  0.152900399134D-03 -0.338232856606D-04
  0.221057642297D+02  0.136961479776D-03 -0.296356344920D-04
  0.226206742014D+02  0.122671901767D-03 -0.259619022760D-04
  0.231475779804D+02  0.109863149325D-03 -0.227399113516D-04
  0.236867549389D+02  0.983835417147D-04 -0.199148315296D-04
  0.242384909561D+02  0.880966196517D-04 -0.174383465063D-04
  0.248030785705D+02  0.788796740246D-04 -0.152679079063D-04
  0.253808171346D+02  0.706224066816D-04 -0.133660691713D-04
  0.259720129736D+02  0.632257133039D-04 -0.116998918899D-04
  0.265769795481D+02  0.566005787761D-04 -0.102404176064D-04
  0.271960376202D+02  0.506670759171D-04 -0.896219861848D-05
  0.278295154233D+02  0.453534589342D-04 -0.784288176290D-05
  0.284777488365D+02  0.405953434892D-04 -0.686283967523D-05
  0.291410815624D+02  0.363349657966D-04 -0.600484448587D-05
  0.298198653097D+02  0.325205137077D-04 -0.525377937052D-05
  0.305144599793D+02  0.291055232555D-04 -0.459638380592D-05
  0.312252338553D+02  0.260483346387D-04 -0.402102878680D-05
  0.319525638002D+02  0.233116021068D-04 -0.351751863596D-05
  0.326968354548D+02  0.208618526644D-04 -0.307691638641D-05
  0.334584434428D+02  0.186690889450D-04 -0.269139003238D-05
  0.342377915796D+02  0.167064320096D-04 -0.235407723556D-05
  0.350352930868D+02  0.149498001978D-04 -0.205896633589D-05
  0.358513708112D+02  0.133776205119D-04 -0.180079175391D-05
  0.366864574491D+02  0.119705693364D-04 -0.157494208564D-05
  0.375409957753D+02  0.107113395876D-04 -0.137737938322D-05
  0.384154388784D+02  0.958443166854D-05 -0.120456828673D-05
  0.393102504008D+02  0.857596584639D-05 -0.105341382641D-05
  0.402259047844D+02  0.767351390230D-05 -0.921206851897D-06
  0.411628875223D+02  0.686594811063D-05 -0.805576167068D-06
  0.421216954164D+02  0.614330579300D-05 -0.704446557605D-06
  0.431028368403D+02  0.549666786590D-05 -0.616001994886D-06
  0.441068320093D+02  0.491804995609D-05 -0.538653384959D-06
  0.451342132563D+02  0.440030479995D-05 -0.471010306984D-06
  0.461855253135D+02  0.393703477108D-05 -0.411856252302D-06
  0.472613256017D+02  0.352251349618D-05 -0.360126934241D-06
  0.483621845258D+02  0.315161562446D-05 -0.314891290853D-06
  0.494886857769D+02  0.281975390966D-05 -0.275334848644D-06
  0.506414266424D+02  0.252282284988D-05 -0.240745155814D-06
  0.518210183220D+02  0.225714820659D-05 -0.210499029116D-06
  0.530280862522D+02  0.201944179383D-05 -0.184051389795D-06
  0.542632704379D+02  0.180676099095D-05 -0.160925491586D-06
  0.555272257914D+02  0.161647248810D-05 -0.140704368029D-06
  0.568206224802D+02  0.144621982443D-05 -0.123023347586D-06
  0.581441462818D+02  0.129389432410D-05 -0.107563503780D-06
  0.594984989476D+02  0.115760907601D-05 -0.940459239683D-07
  0.608843985748D+02  0.103567563995D-05 -0.822266947715D-07
  0.623025799875D+02  0.926583194372D-06 -0.718925148144D-07
  0.637537951259D+02  0.828979870910D-06 -0.628568565250D-07
  0.652388134451D+02  0.741656046967D-06 -0.549566084511D-07
  0.667584223232D+02  0.663529391599D-06 -0.480491380794D-07
  0.683134274788D+02  0.593631481187D-06 -0.420097226085D-07
  0.699046533980D+02  0.531095820523D-06 -0.367293016722D-07
  0.715329437717D+02  0.475147122064D-06 -0.321125117425D-07
  0.731991619430D+02  0.425091711494D-06 -0.280759669662D-07
  0.749041913647D+02  0.380308941484D-06 -0.245467555850D-07
  0.766489360679D+02  0.340243507898D-06 -0.214611249443D-07
  0.784343211416D+02  0.304398573747D-06 -0.187633314678D-07
  0.802612932225D+02  0.272329616117D-06 -0.164046349269D-07
  0.821308209976D+02  0.243638920139D-06 -0.143424189202D-07
  0.840438957175D+02  0.217970652062D-06 -0.125394217420D-07
  0.860015317219D+02  0.195006450593D-06 -0.109630637967D-07
  0.880047669776D+02  0.174461482031D-06 -0.958485945114D-08
  0.900546636290D+02  0.156080910474D-06 -0.837990273261D-08
  0.921523085606D+02  0.139636739443D-06 -0.732641760732D-08
  0.942988139740D+02  0.124924985891D-06 -0.640536473597D-08
  0.964953179775D+02  0.111763151642D-06 -0.560009761789D-08
  0.987429851889D+02  0.999879609647D-07 -0.489606192459D-08
  0.101043007354D+03  0.894533363082D-07 -0.428053260089D-08
  0.103396603978D+03  0.800285871305D-07 -0.374238399187D-08
  0.105805022970D+03  0.715967894051D-07 -0.327188884856D-08
  0.108269541311D+03  0.640533357411D-07 -0.286054258613D-08
  0.110791465723D+03  0.573046381625D-07 -0.250090962291D-08
  0.113372133366D+03  0.512669674803D-07 -0.218648902698D-08
  0.116012912548D+03  0.458654148801D-07 -0.191159704516D-08
  0.118715203447D+03  0.410329628611D-07 -0.167126439354D-08
  0.121480438859D+03  0.367096540145D-07 -0.146114645523D-08
  0.124310084949D+03  0.328418473422D-07 -0.127744476364D-08
  0.127205642038D+03  0.293815528984D-07 -0.111683835345D-08
  0.130168645391D+03  0.262858365072D-07 -0.976423739262D-09
  0.133200666035D+03  0.235162871792D-07 -0.853662438059D-09
  0.136303311592D+03  0.210385406227D-07 -0.746335087274D-09
  0.139478227129D+03  0.188218529449D-07 -0.652501329809D-09
  0.142727096032D+03  0.168387192551D-07 -0.570464741192D-09
  0.146051640897D+03  0.150645324435D-07 -0.498742165220D-09
  0.149453624448D+03  0.134772779024D-07 -0.436036904052D-09
  0.152934850463D+03  0.120572604060D-07 -0.381215278299D-09
  0.156497164740D+03  0.107868597604D-07 -0.333286133568D-09
  0.160142456068D+03  0.965031219464D-08 -0.291382923114D-09
  0.163872657235D+03  0.863351478069D-08 -0.254748042806D-09
  0.167689746045D+03  0.772385045693D-08 -0.222719135313D-09
  0.171595746376D+03  0.691003148511D-08 -0.194717115976D-09
  0.175592729243D+03  0.618195939883D-08 -0.170235703954D-09
  0.179682813906D+03  0.553059970638D-08 -0.148832269429D-09
  0.183868168986D+03  0.494786979375D-08 -0.130119831444D-09
  0.188151013618D+03  0.442653863722D-08 -0.113760061721D-09
  0.192533618630D+03  0.396013708161D-08 -0.994571680109D-10
  0.197018307740D+03  0.354287757090D-08 -0.869525464032D-10
  0.201607458795D+03  0.316958233569D-08 -0.760201059374D-10
  0.206303505031D+03  0.283561914642D-08 -0.664621809929D-10
  0.211108936357D+03  0.253684383543D-08 -0.581059575698D-10
  0.216026300684D+03  0.226954887460D-08 -0.508003488566D-10
  0.221058205268D+03  0.203041737081D-08 -0.444132636037D-10
  0.226207318097D+03  0.181648190825D-08 -0.388292179188D-10
  0.231476369307D+03  0.162508772708D-08 -0.339472473123D-10
  0.236868152623D+03  0.145385978150D-08 -0.296790812442D-10
  0.242385526846D+03  0.130067326861D-08 -0.259475471727D-10
  0.248031417368D+03  0.116362726226D-08 -0.226851752505D-10
  0.253808817722D+03  0.104102112494D-08 -0.198329784440D-10
  0.259720791169D+03  0.931333404793D-09 -0.173393860211D-10
  0.265770472321D+03  0.833202956194D-09 -0.151593111251D-10
  0.271961068807D+03  0.745412049371D-09 -0.132533355786D-10
  0.278295862971D+03  0.666871259683D-09 -0.115869971771D-10
  0.284778213611D+03  0.596605948961D-09 -0.101301665894D-10
  0.291411557764D+03  0.533744171216D-09 -0.885650259575D-11
  0.298199412524D+03  0.477505852618D-09 -0.774297581889D-11
  0.305145376909D+03  0.427193111500D-09 -0.676945233304D-11
  0.312253133770D+03  0.382181598274D-09 -0.591832962511D-11
  0.319526451742D+03  0.341912747797D-09 -0.517421832521D-11
  0.326969187243D+03  0.305886848050D-09 -0.452366395214D-11
  0.334585286519D+03  0.273656839122D-09 -0.395490364316D-11
  0.342378787734D+03  0.244822765558D-09 -0.345765346946D-11
  0.350353823116D+03  0.219026813222D-09 -0.302292249195D-11
  0.358514621144D+03  0.195948869099D-09 -0.264285019541D-11
  0.366865508790D+03  0.175302548927D-09 -0.231056436172D-11
  0.375410913815D+03  0.156831643380D-09 -0.202005681238D-11
  0.384155367116D+03  0.140306938692D-09 -0.176607477373D-11
  0.393103505128D+03  0.125523372273D-09 -0.154402590065D-11
  0.402260072283D+03  0.112297488024D-09 -0.134989524146D-11
  0.411629923524D+03  0.100465159766D-09 -0.118017264270D-11
  0.421218026883D+03  0.898795545444D-10 -0.103178928127D-11
  0.431029466108D+03  0.804093105276D-10 -0.902062176208D-12
  0.441069443368D+03  0.719369068871D-10 -0.788645677028D-12
  0.451343282002D+03  0.643572054389D-10 -0.689489051345D-12
  0.461856429348D+03  0.575761459424D-10 -0.602799404963D-12
  0.472614459628D+03  0.515095788697D-10 -0.527009263996D-12
  0.483623076904D+03  0.460822211596D-10 -0.460748232860D-12
  0.494888118104D+03  0.412267219994D-10 -0.402818215691D-12
  0.506415556116D+03  0.368828270397D-10 -0.352171753147D-12
  0.518211502953D+03  0.329966306724D-10 -0.307893082922D-12
  0.530282212996D+03  0.295199070923D-10 -0.269181581508D-12
  0.542634086309D+03  0.264095118419D-10 -0.235337287807D-12
  0.555273672034D+03  0.236268464119D-10 -0.205748246870D-12
  0.568207671861D+03  0.211373792551D-10 -0.179879444889D-12
  0.581442943583D+03  0.189102172682D-10 -0.157263135393D-12
  0.594986504732D+03  0.169177224248D-10 -0.137490381732D-12
  0.608845536300D+03  0.151351688022D-10 -0.120203662917D-12
  0.623027386544D+03  0.135404357453D-10 -0.105090409130D-12
  0.637539574885D+03  0.121137333609D-10 -0.918773500100D-13
  0.652389795896D+03  0.108373569351D-10 -0.803255735322D-13
  0.667585923378D+03  0.969546722715D-11 -0.702262061308D-13
  0.683136014535D+03  0.867389391190D-11 -0.613966359601D-13
  0.699048314251D+03  0.775995973357D-11 -0.536772110055D-13
  0.715331259456D+03  0.694232318711D-11 -0.469283523408D-13
  0.731993483603D+03  0.621083777577D-11 -0.410280303352D-13
  0.749043821242D+03  0.555642609801D-11 -0.358695581777D-13
  0.766491312708D+03  0.497096720139D-11 -0.313596628209D-13
  0.784345208914D+03  0.444719580544D-11 -0.274167984660D-13
  0.802614976250D+03  0.397861214305D-11 -0.239696720930D-13
  0.821310301613D+03  0.355940130145D-11 -0.209559543763D-13
  0.840441097532D+03  0.318436106193D-11 -0.183211526772D-13
  0.860017507432D+03  0.284883734272D-11 -0.160176257352D-13
  0.880049911006D+03  0.254866644408D-11 -0.140037222421D-13
  0.900548929724D+03  0.228012337869D-11 -0.122430277238D-13
  0.921525432461D+03  0.203987564631D-11 -0.107037061114D-13
  0.942990541261D+03  0.182494187903D-11 -0.935792409669D-14
  0.964955637234D+03  0.163265484383D-11 -0.818134786419D-14
  0.987432366591D+03  0.146062834345D-11 -0.715270309838D-14
  0.101043264682D+04  0.130672760480D-11 -0.625339031191D-14
  0.103396867299D+04  0.116904278742D-11 -0.546714853843D-14
  0.105805292425D+04  0.104586528316D-11 -0.477976130952D-14
  0.108269817043D+04  0.935666513190D-12 -0.417879959923D-14
  0.110791747877D+04  0.837078959024D-12 -0.365339708823D-14
  0.113372422092D+04  0.748879192203D-12 -0.319405368415D-14
  0.116013207999D+04  0.669972692123D-12 -0.279246374530D-14
  0.118715505781D+04  0.599380263519D-12 -0.244136590191D-14
  0.121480748234D+04  0.536225885090D-12 -0.213441175944D-14
  0.124310401531D+04  0.479725838465D-12 -0.186605110978D-14
  0.127205965994D+04  0.429178982613D-12 -0.163143157496D-14
  0.130168976893D+04  0.383958052986D-12 -0.142631086869D-14
  0.133201005259D+04  0.343501877453D-12 -0.124698008927D-14
  0.136303658718D+04  0.307308412396D-12 -0.109019665687D-14
  0.139478582340D+04  0.274928512575D-12 -0.953125682757D-15
  0.142727459517D+04  0.245960357432D-12 -0.833288710042D-15
  0.146052012849D+04  0.220044464672D-12 -0.728518899392D-15
  0.149454005063D+04  0.196859229253D-12 -0.636921849198D-15
  0.152935239944D+04  0.176116932401D-12 -0.556841341861D-15
  0.156497563293D+04  0.157560171152D-12 -0.486829396804D-15
  0.160142863905D+04  0.140958664088D-12 -0.425620088742D-15
  0.163873074572D+04  0.126106393652D-12 -0.372106657784D-15
  0.167690173103D+04  0.112819049555D-12 -0.325321497491D-15
  0.171596183381D+04  0.100931741568D-12 -0.284418659051D-15
  0.175593176428D+04  0.902969533048D-13 -0.248658555209D-15
  0.179683271507D+04  0.807827116086D-13 -0.217394587375D-15
  0.183868637246D+04  0.722709488225D-13 -0.190061454117D-15
  0.188151492785D+04  0.646560376205D-13 -0.166164929630D-15
  0.192534108958D+04  0.578434802188D-13 -0.145272927364D-15
  0.197018809489D+04  0.517487356988D-13 -0.127007687224D-15
  0.201607972232D+04  0.462961708913D-13 -0.111038945079D-15
  0.206304030427D+04  0.414181218012D-13 -0.970779610741D-16
  0.211109473991D+04  0.370540539264D-13 -0.848722987579D-16
  0.216026850841D+04  0.331498110515D-13 -0.742012606418D-16
  0.221058768240D+04  0.296569431916D-13 -0.648718976431D-16
  0.226207894183D+04  0.265321053497D-13 -0.567155202644D-16
  0.231476958811D+04  0.237365196233D-13 -0.495846484240D-16
  0.236868755858D+04  0.212354939877D-13 -0.433503447852D-16
  0.242386144133D+04  0.189979917827D-13 -0.378998833683D-16
  0.248032049033D+04  0.169962465612D-13 -0.331347112880D-16
  0.253809464101D+04  0.152054175192D-13 -0.289686667637D-16
  0.259721452603D+04  0.136032812324D-13 -0.253264211790D-16
  0.265771149162D+04  0.121699558729D-13 -0.221421170233D-16
  0.271961761414D+04  0.108876544843D-13 -0.193581770842D-16
  0.278296571711D+04  0.974046425285D-14 -0.169242633620D-16
  0.284778938860D+04  0.871414903695D-14 -0.147963668791D-16
  0.291412299906D+04  0.779597270210D-14 -0.129360119296D-16
  0.298200171953D+04  0.697454107120D-14 -0.113095603779D-16
  0.305146154027D+04  0.623966052764D-14 -0.988760342831D-17
  0.312253928990D+04  0.558221151688D-14 -0.864442986832D-17
  0.319527265485D+04  0.499403537664D-14 -0.755756116943D-17
  0.326970019940D+04  0.446783309147D-14 -0.660734504012D-17
  0.334586138611D+04  0.399707471501D-14 -0.577660008169D-17
  0.342379659675D+04  0.357591833617D-14 -0.505030512156D-17
  0.350354715367D+04  0.319913758353D-14 -0.441532760699D-17
  0.358515534178D+04  0.286205676828D-14 -0.386018614790D-17
  0.366866443091D+04  0.256049286090D-14 -0.337484291537D-17
  0.375411869879D+04  0.229070358160D-14 -0.295052214189D-17
  0.384156345450D+04  0.204934096017D-14 -0.257955144180D-17
  0.393104506250D+04  0.183340978914D-14 -0.225522308248D-17
  0.402261096724D+04  0.164023045449D-14 -0.197167269800D-17
  0.411630971828D+04  0.146740568283D-14 -0.172377325224D-17
  0.421219099604D+04  0.131279079222D-14 -0.150704233400D-17
  0.431030563817D+04  0.117446707759D-14 -0.131756110799D-17
  0.441070566646D+04  0.105071800045D-14 -0.115190345612D-17
  0.451344431444D+04  0.940007887352D-15 -0.100707402791D-17
  0.461857605564D+04  0.840962872838D-15 -0.880454079869D-18
  0.472615663241D+04  0.752353850375D-15 -0.769754124507D-18
  0.483624308553D+04  0.673081219647D-15 -0.672972532782D-18
  0.494889378443D+04  0.602161240991D-15 -0.588359341522D-18
  0.506416845812D+04  0.538713827605D-15 -0.514384611343D-18
  0.518212822689D+04  0.481951624044D-15 -0.449710762942D-18
  0.530283563473D+04  0.431170235477D-15 -0.393168391563D-18
  0.542635468243D+04  0.385739486443D-15 -0.343735122324D-18
  0.555275086157D+04  0.345095600644D-15 -0.300517124072D-18
  0.568209118923D+04  0.308734204723D-15 -0.262732947516D-18
  0.581444424352D+04  0.276204069198D-15 -0.229699395394D-18
  0.594988019993D+04  0.247101508905D-15 -0.200819169195D-18
  0.608847086855D+04  0.221065373429D-15 -0.175570069064D-18
  0.623028973216D+04  0.197772565387D-15 -0.153495551608D-18
  0.637541198516D+04  0.176934030920D-15 -0.134196474874D-18
  0.652391457346D+04  0.158291172666D-15 -0.117323881239D-18
  0.667587623528D+04  0.141612640670D-15 -0.102572687703D-18
  0.683137754287D+04  0.126691461431D-15 -0.896761695140D-19
  0.699050094527D+04  0.113342469450D-15 -0.784011373626D-19
  0.715333081200D+04  0.101400009405D-15 -0.685437209544D-19
  0.731995347781D+04  0.907158804353D-16 -0.599256827143D-19
  0.749045728842D+04  0.811574970377D-16 -0.523911949717D-19
  0.766493264742D+04  0.726062437315D-16 -0.458040223508D-19
  0.784347206416D+04  0.649560030935D-16 -0.400450584217D-19
  0.802617020281D+04  0.581118388848D-16 -0.350101720684D-19
  0.821312393255D+04  0.519888179329D-16 -0.306083246353D-19
  0.840443237895D+04  0.465109561469D-16 -0.267599238049D-19
  0.860019697650D+04  0.416102755872D-16 -0.233953844435D-19
  0.880052152241D+04  0.372259608883D-16 -0.204538703934D-19
  0.900551223164D+04  0.333036045657D-16 -0.178821944587D-19
  0.921527779323D+04  0.297945318422D-16 -0.156338566980D-19
  0.942992942788D+04  0.266551966147D-16 -0.136682036318D-19
  0.964958094700D+04  0.238466410654D-16 -0.119496931643D-19
  0.987434881298D+04  0.213340122120D-16 -0.104472519259D-19
  0.101043522010D+05  0.190861293968D-16 -0.913371341847D-20
  0.103397130621D+05  0.170750973481D-16 -0.798532680173D-20
  0.105805561881D+05  0.152759600116D-16 -0.698132744125D-20
  0.108270092775D+05  0.136663908565D-16 -0.610356145102D-20
  0.110792030032D+05  0.122264158127D-16 -0.533615744270D-20
  0.113372710819D+05  0.109381654010D-16 -0.466523954599D-20
  0.116013503452D+05  0.978565298046D-17 -0.407867651109D-20
  0.118715808115D+05  0.875457636102D-17 -0.356586235666D-20
  0.121481057611D+05  0.783214031941D-17 -0.311752459696D-20
  0.124310718114D+05  0.700689781578D-17 -0.272555658082D-20
  0.127206289951D+05  0.626860794087D-17 -0.238287091059D-20
  0.130169308396D+05  0.560810883061D-17 -0.208327129086D-20
  0.133201344484D+05  0.501720397133D-17 -0.182134048973D-20
  0.136304005844D+05  0.448856048446D-17 -0.159234238672D-20
  0.139478937552D+05  0.401561812867D-17 -0.139213633629D-20
  0.142727823003D+05  0.359250788999D-17 -0.121710229845D-20
  0.146052384802D+05  0.321397914991D-17 -0.106407538275D-20
  0.149454385680D+05  0.287533452738D-17 -0.930288622083D-21
  0.152935629427D+05  0.257237158632D-17 -0.813322941585D-21
  0.156497961848D+05  0.230133068520D-17 -0.711063417953D-21
  0.160143271743D+05  0.205884832143D-17 -0.621661038308D-21
  0.163873491909D+05  0.184191539177D-17 -0.543499267139D-21
  0.167690600162D+05  0.164783985062D-17 -0.475164816797D-21
  0.171596620387D+05  0.147421330284D-17 -0.415422093039D-21
  0.175593623613D+05  0.131888111667D-17 -0.363190853536D-21
  0.179683729109D+05  0.117991568556D-17 -0.317526675403D-21
  0.183869105506D+05  0.105559250749D-17 -0.277603878539D-21
  0.188151971953D+05  0.944368784568D-18 -0.242700596041D-21
  0.192534599287D+05  0.844864277581D-18 -0.212185721714D-21
  0.197019311239D+05  0.755844177818D-18 -0.185507498677D-21
  0.201608485670D+05  0.676203783612D-18 -0.162183542733D-21
  0.206304555824D+05  0.604954791462D-18 -0.141792120109D-21
  0.211110011627D+05  0.541213031604D-18 -0.123964521837D-21
  0.216027400999D+05  0.484187495844D-18 -0.108378396927D-21
  0.221059331213D+05  0.433170521479D-18 -0.947519237460D-22
  0.226208470269D+05  0.387529009501D-18 -0.828387142467D-22
  0.231477548316D+05  0.346696568113D-18 -0.724233588798D-22
  0.236869359095D+05  0.310166484041D-18 -0.633175316531D-22
  0.242386761421D+05  0.277485434442D-18 -0.553565849006D-22
  0.248032680700D+05  0.248247861354D-18 -0.483965721948D-22
  0.253810110481D+05  0.222090938902D-18 -0.423116455685D-22
  0.259722114039D+05  0.198690070775D-18 -0.369917799860D-22
  0.265771826005D+05  0.177754862128D-18 -0.323407839176D-22
  0.271962454023D+05  0.159025515905D-18 -0.282745600453D-22
  0.278297280453D+05  0.142269608864D-18 -0.247195846518D-22
  0.284779664110D+05  0.127279207310D-18 -0.216115781952D-22
  0.291413042050D+05  0.113868286718D-18 -0.188943430347D-22
  0.298200931383D+05  0.101870423253D-18 -0.165187472885D-22
  0.305146931147D+05  0.911367285210D-19 -0.144418364522D-22
  0.312254724211D+05  0.815340019239D-19 -0.126260567142D-22
  0.319528079229D+05  0.729430776986D-19 -0.110385759234D-22
  0.326970852639D+05  0.652573461206D-19 -0.965068993221D-23
  0.334586990707D+05  0.583814305216D-19 -0.843730358101D-23
  0.342380531618D+05  0.522300037063D-19 -0.737647693771D-23
  0.350355607620D+05  0.467267290778D-19 -0.644902858953D-23
  0.358516447215D+05  0.418033133327D-19 -0.563818881285D-23
  0.366867377395D+05  0.373986589706D-19 -0.492929635029D-23
  0.375412825946D+05  0.334581060996D-19 -0.430953331211D-23
  0.384157323786D+05  0.299327541302D-19 -0.376769340863D-23
  0.393105507375D+05  0.267788549404D-19 -0.329397932289D-23
  0.402262121168D+05  0.239572699791D-19 -0.287982555979D-23
  0.411632020134D+05  0.214329845742D-19 -0.251774356844D-23
  0.421220172329D+05  0.191746734147D-19 -0.220118633744D-23
  0.431031661529D+05  0.171543118172D-19 -0.192443001458D-23
  0.441071689926D+05  0.153468279516D-19 -0.168247041063D-23
  0.451345580889D+05  0.137297917097D-19 -0.147093251570D-23
  0.461858781783D+05  0.122831363581D-19 -0.128599139222D-23
  0.472616866858D+05  0.109889095174D-19 -0.112430301405D-23
  0.483625540206D+05  0.983105038164D-20 -0.982943801218D-24
  0.494890638784D+05  0.879519041026D-20 -0.859357757007D-24
  0.506418135510D+05  0.786847502044D-20 -0.751310251524D-24
  0.518214142429D+05  0.703940406737D-20 -0.656847616074D-24
  0.530284913953D+05  0.629768913226D-20 -0.574261817760D-24
  0.542636850180D+05  0.563412584744D-20 -0.502059575565D-24
  0.555276500284D+05  0.504047967407D-20 -0.438935359483D-24
  0.568210565989D+05  0.450938371500D-20 -0.383747784489D-24
  0.581445905124D+05  0.403424729469D-20 -0.335498972499D-24
  0.594989535257D+05  0.360917417176D-20 -0.293316509169D-24
  0.608848637414D+05  0.322888936909D-20 -0.256437669273D-24
  0.623030559892D+05  0.288867371361D-20 -0.224195625430D-24
  0.637542822151D+05  0.258430527338D-20 -0.196007390819D-24
  0.652393118801D+05  0.231200696519D-20 -0.171363277861D-24
  0.667589323683D+05  0.206839968255D-20 -0.149817682264D-24
  0.683139494043D+05  0.185046036244D-20 -0.130981025802D-24
  0.699051874808D+05  0.165548447036D-20 -0.114512712123D-24
  0.715334902949D+05  0.148105243822D-20 -0.100114968237D-24
  0.731997211963D+05  0.132499963848D-20 -0.875274603078D-25
  0.749047636447D+05  0.118538952212D-20 -0.765225864108D-25
  0.766495216781D+05  0.106048958683D-20 -0.669013611318D-25
  0.784349203924D+05  0.948749877385D-21 -0.584898175978D-25
  0.802619064317D+05  0.848783751410D-21 -0.511358618830D-25
  0.821314484903D+05  0.759350671688D-21 -0.447065229114D-25
  0.840445378263D+05  0.679340811645D-21 -0.390855481306D-25
  0.860021887874D+05  0.607761282860D-21 -0.341713014831D-25
  0.880054393482D+05  0.543723813750D-21 -0.298749256668D-25
  0.900553516610D+05  0.486433726492D-21 -0.261187354552D-25
  0.921530126190D+05  0.435180075408D-21 -0.228348130264D-25
  0.942995344321D+05  0.389326824432D-21 -0.199637799022D-25
  0.964960552172D+05  0.348304954174D-21 -0.174537232918D-25
  0.987437396012D+05  0.311605400627D-21 -0.152592574271D-25
  0.101043779339D+06  0.278772737902D-21 -0.133407029168D-25
  0.103397393944D+06  0.249399526585D-21 -0.116633692802D-25
  0.105805831338D+06  0.223121257583D-21 -0.101969276892D-25
  0.108270368508D+06  0.199611828727D-21 -0.891486257540D-26
  0.110792312187D+06  0.178579497981D-21 -0.779399218672D-26
  0.113372999547D+06  0.159763263040D-21 -0.681404942509D-26
  0.116013798905D+06  0.142929622414D-21 -0.595731538539D-26
  0.118716110451D+06  0.127869677764D-21 -0.520829896982D-26
  0.121481366989D+06  0.114396541566D-21 -0.455345678450D-26
  0.124311034698D+06  0.102343017915D-21 -0.398094825364D-26
  0.127206613909D+06  0.915595276973D-22 -0.348042152329D-26
  0.130169639900D+06  0.819122523737D-22 -0.304282628358D-26
  0.133201683710D+06  0.732814733505D-22 -0.266025012491D-26
  0.136304352971D+06  0.655600863217D-22 -0.232577546910D-26
  0.139479292765D+06  0.586522721499D-22 -0.203335448874D-26
  0.142728186490D+06  0.524723077921D-22 -0.177769975297D-26
  0.146052756755D+06  0.469435025125D-22 -0.155418862240D-26
  0.149454766297D+06  0.419972461830D-22 -0.135877966454D-26
  0.152936018910D+06  0.375721578612D-22 -0.118793957835D-26
  0.156498360403D+06  0.336133240784D-22 -0.103857930660D-26
  0.160143679583D+06  0.300716173868D-22 -0.907998180839D-27
  0.163873909248D+06  0.269030867089D-22 -0.793835089116D-27
  0.167691027222D+06  0.240684119234D-22 -0.694025783322D-27
  0.171597057395D+06  0.215324159187D-22 -0.606765554357D-27
  0.175594070800D+06  0.192636280604D-22 -0.530476600152D-27
  0.179684186712D+06  0.172338936537D-22 -0.463779496525D-27
  0.183869573768D+06  0.154180245557D-22 -0.405468255029D-27
  0.188152451122D+06  0.137934866012D-22 -0.354488516780D-27
  0.192535089617D+06  0.123401199635D-22 -0.309918487995D-27
  0.197019812991D+06  0.110398889793D-22 -0.270952272513D-27
  0.201608999109D+06  0.987665833356D-23 -0.236885299922D-27
  0.206305081223D+06  0.883599282754D-23 -0.207101585820D-27
  0.211110549263D+06  0.790497824381D-23 -0.181062593852D-27
  0.216027951159D+06  0.707206108638D-23 -0.158297498122D-27
  0.221059894188D+06  0.632690520667D-23 -0.138394669923D-27
  0.226209046358D+06  0.566026353638D-23 -0.120994234845D-27
  0.231478137823D+06  0.506386333518D-23 -0.105781565677D-27
  0.236869962333D+06  0.453030352961D-23 -0.924815934524D-28
  0.242387378710D+06  0.405296286885D-23 -0.808538337730D-28
  0.248033312368D+06  0.362591775780D-23 -0.706880384707D-28
  0.253810756862D+06  0.324386874783D-23 -0.618003939908D-28
  0.259722775477D+06  0.290207477279D-23 -0.540301977540D-28
  0.265772502850D+06  0.259629431446D-23 -0.472369524015D-28
  0.271963146633D+06  0.232273276710D-23 -0.412978253817D-28
  0.278297989196D+06  0.207799534794D-23 -0.361054279446D-28
  0.284780389363D+06  0.185904496946D-23 -0.315658733847D-28
  0.291413784195D+06  0.166316455034D-23 -0.275970794217D-28
  0.298201690815D+06  0.148792329769D-23 -0.241272840236D-28
  0.305147708269D+06  0.133114654191D-23 -0.210937478369D-28
  0.312255519434D+06  0.119088874997D-23 -0.184416197601D-28
  0.319528892976D+06  0.106540938217D-23 -0.161229451497D-28
  0.326971685340D+06  0.953151292809D-24 -0.140957987249D-28
  0.334587842804D+06  0.852721406612D-24 -0.123235264927D-28
  0.342381403563D+06  0.762873431301D-24 -0.107740829861D-28
  0.350356499876D+06  0.682492391621D-24 -0.941945183136D-29
  0.358517360253D+06  0.610580792971D-24 -0.823513916850D-29
  0.366868311701D+06  0.546246242921D-24 -0.719973076340D-29
  0.375413782015D+06  0.488690376999D-24 -0.629450480494D-29
  0.384158302124D+06  0.437198951327D-24 -0.550309338521D-29
  0.393106508502D+06  0.391132979158D-24 -0.481118654205D-29
  0.402263145614D+06  0.349920801321D-24 -0.420627351238D-29
  0.411633068443D+06  0.313050992173D-24 -0.367741651801D-29
  0.421221245056D+06  0.280066013026D-24 -0.321505299337D-29
  0.431032759243D+06  0.250556534281D-24 -0.281082267934D-29
  0.441072813209D+06  0.224156355827D-24 -0.245741645658D-29
  0.451346730337D+06  0.200537862649D-24 -0.214844418521D-29
  0.461859958005D+06  0.179407959269D-24 -0.187831916100D-29
  0.472618070478D+06  0.160504432548D-24 -0.164215709901D-29
  0.483626771862D+06  0.143592697741D-24 -0.143568781804D-29
  0.494891899129D+06  0.128462887394D-24 -0.125517802902D-29
  0.506419425212D+06  0.114927246977D-24 -0.109736383128D-29
  0.518215462172D+06  0.102817804938D-24 -0.959391696125D-30
  0.530286264437D+06  0.919842882374D-25 -0.838766870530D-30
  0.542638232121D+06  0.822922575290D-25 -0.733308268083D-30
  0.555277914414D+06  0.736214388238D-25 -0.641109031522D-30
  0.568212013059D+06  0.658642309403D-25 -0.560502053760D-30
  0.581447385901D+06  0.589243702197D-25 -0.490029833963D-30
  0.594991050525D+06  0.527157359346D-25 -0.428418123650D-30
  0.608850187977D+06  0.471612815676D-25 -0.374552886275D-30
  0.623032146573D+06  0.421920786966D-25 -0.327460153697D-30
  0.637544445790D+06  0.377464616220D-25 -0.286288415305D-30
  0.652394780259D+06  0.337692621221D-25 -0.250293221365D-30
  0.667591023841D+06  0.302111248385D-25 -0.218823722205D-30
  0.683141233804D+06  0.270278947969D-25 -0.191310899827D-30
  0.699053655093D+06  0.241800694631D-25 -0.167257279163D-30
  0.715336724702D+06  0.216323085329D-25 -0.146227932954D-30
  0.731999076151D+06  0.193529953740D-25 -0.127842617570D-30
  0.749049544057D+06  0.173138446771D-25 -0.111768897618D-30
  0.766497168825D+06  0.154895514471D-25 -0.977161349801D-31
  0.784351201437D+06  0.138574769792D-25 -0.854302336247D-31
  0.802621108358D+06  0.123973679215D-25 -0.746890451475D-31
  0.821316576556D+06  0.110911049400D-25 -0.652983519810D-31
  0.840447518637D+06  0.992247786547D-26 -0.570883556352D-31
  0.860024078104D+06  0.887698453158D-26 -0.499106064741D-31
  0.880056634729D+06  0.794165080963D-26 -0.436353195130D-31
  0.900555810063D+06  0.710486960495D-26 -0.381490277019D-31
  0.921532473063D+06  0.635625681782D-26 -0.333525302632D-31
  0.942997745860D+06  0.568652248113D-26 -0.291590989854D-31
  0.964963009650D+06  0.508735547590D-26 -0.254929100411D-31
  0.987439910733D+06  0.455132039380D-26 -0.222876729726D-31
  0.101044036668D+07  0.407176526688D-26 -0.194854320567D-31
  0.103397657268D+07  0.364273901946D-26 -0.170355183739D-31
  0.105806100795D+07  0.325891761783D-26 -0.148936336348D-31
  0.108270644241D+07  0.291553800123D-26 -0.130210491972D-31
  0.110792594343D+07  0.260833897430D-26 -0.113839057919D-31
  0.113373288276D+07  0.233350832745D-26 -0.995260129309D-32
  0.116014094359D+07  0.208763552894D-26 -0.870125546631D-32
  0.118716412786D+07  0.186766940166D-26 -0.760724201245D-32
  0.121481676367D+07  0.167088025928D-26 -0.665077944901D-32
  0.124311351283D+07  0.149482603205D-26 -0.581457342977D-32
  0.127206937868D+07  0.133732196169D-26 -0.508350403579D-32
  0.130169971405D+07  0.119641348952D-26 -0.444435238354D-32
  0.133202022936D+07  0.107035200116D-26 -0.388556160672D-32
  0.136304700100D+07  0.957573127046D-27 -0.339702788995D-32
  0.139479647979D+07  0.856677329180D-27 -0.296991777588D-32
  0.142728549978D+07  0.766412533521D-27 -0.259650844245D-32
  0.146053128710D+07  0.685658592250D-27 -0.227004806209D-32
  0.149455146916D+07  0.613413383216D-27 -0.198463371810D-32
  0.152936408394D+07  0.548780374025D-27 -0.173510467060D-32
  0.156498758960D+07  0.490957496454D-27 -0.151694904227D-32
  0.160144087423D+07  0.439227193123D-27 -0.132622223652D-32
  0.163874326588D+07  0.392947512916D-27 -0.115947561298D-32
  0.167691454283D+07  0.351544144635D-27 -0.101369413065D-32
  0.171597494403D+07  0.314503290045D-27 -0.886241831230D-33
  0.175594517988D+07  0.281365287856D-27 -0.774814176853D-33
  0.179684644316D+07  0.251718909518D-27 -0.677396380421D-33
  0.183870042031D+07  0.225196256056D-27 -0.592226975081D-33
  0.188152930293D+07  0.201468192590D-27 -0.517765964140D-33
  0.192535579949D+07  0.180240263922D-27 -0.452666975504D-33
  0.197020314744D+07  0.161249040461D-27 -0.395752917154D-33
  0.201609512549D+07  0.144258849181D-27 -0.345994693476D-33
  0.206305606623D+07  0.129058849018D-27 -0.302492597590D-33
  0.211111086901D+07  0.115460414418D-27 -0.264460043237D-33
  0.216028501321D+07  0.103294794576D-27 -0.231209342068D-33
  0.221060457164D+07  0.924110193111D-28 -0.202139269150D-33
  0.226209622447D+07  0.826740255905D-28 -0.176724191882D-33
  0.231478727332D+07  0.739629814528D-28 -0.154504565727D-33
  0.236870565573D+07  0.661697865359D-28 -0.135078624925D-33
  0.242387996002D+07  0.591977305972D-28 -0.118095117940D-33
  0.248033944038D+07  0.529602933804D-28 -0.103246956274D-33
  0.253811403246D+07  0.473800709359D-28 -0.902656618303D-34
  0.259723436917D+07  0.423878150705D-28 -0.789165124063D-34
  0.265773179697D+07  0.379215740070D-28 -0.689942975444D-34
  0.271963839246D+07  0.339259235885D-28 -0.603196080073D-34
  0.278298697941D+07  0.303512794886D-28 -0.527355917757D-34
  0.284781114617D+07  0.271532818906D-28 -0.461051179178D-34
  0.291414526343D+07  0.242922450009D-28 -0.403082970465D-34
  0.298202450250D+07  0.217326645656D-28 -0.352403135306D-34
  0.305148485393D+07  0.194427772775D-28 -0.308095302637D-34
  0.312256314660D+07  0.173941666067D-28 -0.269358317214D-34
  0.319529706724D+07  0.155614101639D-28 -0.235491753466D-34
  0.326972518044D+07  0.139217642193D-28 -0.205883250697D-34
  0.334588694903D+07  0.124548814623D-28 -0.179997440648D-34
  0.342382275510D+07  0.111425585003D-28 -0.157366267194D-34
  0.350357392134D+07  0.996850996195D-29 -0.137580523153D-34
  0.358518273294D+07  0.891816640308D-29 -0.120282451179D-34
  0.366869246010D+07  0.797849350570D-29 -0.105159274947D-34
  0.375414738086D+07  0.713783032783D-29 -0.919375436653D-35
  0.384159280466D+07  0.638574459608D-29 -0.803781876534D-35
  0.393107509631D+07  0.571290324559D-29 -0.702721955894D-35
  0.402264170063D+07  0.511095660067D-29 -0.614368352549D-35
  0.411634116755D+07  0.457243475882D-29 -0.537123494503D-35
  0.421222317786D+07  0.409065489245D-29 -0.469590673332D-35
  0.431033856960D+07  0.365963831783D-29 -0.410548789500D-35
  0.441073936496D+07  0.327403630212D-29 -0.358930272963D-35
  0.451347879788D+07  0.292906368790D-29 -0.313801779823D-35
  0.461861134230D+07  0.262043951138D-29 -0.274347316004D-35
  0.472619274101D+07  0.234433387747D-29 -0.239853482798D-35
  0.483628003521D+07  0.209732043238D-29 -0.209696577493D-35
  0.494893159477D+07  0.187633384407D-29 -0.183331315848D-35
  0.506420714918D+07  0.167863176272D-29 -0.160280972501D-35
  0.518216781919D+07  0.150176078938D-29 -0.140128761019D-35
  0.530287614924D+07  0.134352603031D-29 -0.122510297750D-35
  0.542639614065D+07  0.120196385929D-29 -0.107107013190D-35
  0.555279328548D+07  0.107531754982D-29 -0.936403917482D-36
  0.568213460132D+07  0.962015474931D-30 -0.818669357459D-36
