  0.750000000000E+00  0.500000000000E-03  0.381426710612E-02  0.267368133949E+02
  0.000000000000E+00  0.100000000000E+01 -0.107161577112E+01
  0.993269840155E-05  0.999989356010E+00 -0.107160645917E+01
  0.101640606311E-04  0.999989108081E+00 -0.107160624226E+01
  0.104008119783E-04  0.999988854377E+00 -0.107160602030E+01
  0.106430779720E-04  0.999988594763E+00 -0.107160579318E+01
  0.108909870647E-04  0.999988329102E+00 -0.107160556076E+01
  0.111446707010E-04  0.999988057253E+00 -0.107160532293E+01
  0.114042633873E-04  0.999987779072E+00 -0.107160507956E+01
  0.116699027631E-04  0.999987494412E+00 -0.107160483052E+01
  0.119417296738E-04  0.999987203121E+00 -0.107160457568E+01
  0.122198882456E-04  0.999986905045E+00 -0.107160431490E+01
  0.125045259618E-04  0.999986600026E+00 -0.107160404805E+01
  0.127957937411E-04  0.999986287902E+00 -0.107160377499E+01
  0.130938460174E-04  0.999985968508E+00 -0.107160349556E+01
  0.133988408219E-04  0.999985641675E+00 -0.107160320962E+01
  0.137109398669E-04  0.999985307229E+00 -0.107160291703E+01
  0.140303086314E-04  0.999984964992E+00 -0.107160261762E+01
  0.143571164488E-04  0.999984614784E+00 -0.107160231123E+01
  0.146915365969E-04  0.999984256419E+00 -0.107160199771E+01
  0.150337463897E-04  0.999983889706E+00 -0.107160167688E+01
  0.153839272713E-04  0.999983514452E+00 -0.107160134858E+01
  0.157422649121E-04  0.999983130457E+00 -0.107160101264E+01
  0.161089493075E-04  0.999982737518E+00 -0.107160066887E+01
  0.164841748782E-04  0.999982335426E+00 -0.107160031709E+01
  0.168681405739E-04  0.999981923968E+00 -0.107159995711E+01
  0.172610499781E-04  0.999981502926E+00 -0.107159958876E+01
  0.176631114165E-04  0.999981072077E+00 -0.107159921182E+01
  0.180745380673E-04  0.999980631193E+00 -0.107159882610E+01
  0.184955480745E-04  0.999980180039E+00 -0.107159843140E+01
  0.189263646628E-04  0.999979718377E+00 -0.107159802750E+01
  0.193672162570E-04  0.999979245961E+00 -0.107159761420E+01
  0.198183366023E-04  0.999978762542E+00 -0.107159719127E+01
  0.202799648886E-04  0.999978267863E+00 -0.107159675848E+01
  0.207523458773E-04  0.999977761661E+00 -0.107159631562E+01
  0.212357300309E-04  0.999977243668E+00 -0.107159586244E+01
  0.217303736460E-04  0.999976713610E+00 -0.107159539870E+01
  0.222365389891E-04  0.999976171206E+00 -0.107159492416E+01
  0.227544944358E-04  0.999975616168E+00 -0.107159443857E+01
  0.232845146127E-04  0.999975048201E+00 -0.107159394167E+01
  0.238268805435E-04  0.999974467005E+00 -0.107159343319E+01
  0.243818797977E-04  0.999973872272E+00 -0.107159291287E+01
  0.249498066431E-04  0.999973263686E+00 -0.107159238043E+01
  0.255309622020E-04  0.999972640924E+00 -0.107159183559E+01
  0.261256546107E-04  0.999972003656E+00 -0.107159127805E+01
  0.267341991827E-04  0.999971351546E+00 -0.107159070753E+01
  0.273569185765E-04  0.999970684245E+00 -0.107159012372E+01
  0.279941429659E-04  0.999970001402E+00 -0.107158952631E+01
  0.286462102157E-04  0.999969302654E+00 -0.107158891498E+01
  0.293134660605E-04  0.999968587630E+00 -0.107158828942E+01
  0.299962642879E-04  0.999967855952E+00 -0.107158764928E+01
  0.306949669267E-04  0.999967107231E+00 -0.107158699423E+01
  0.314099444379E-04  0.999966341071E+00 -0.107158632392E+01
  0.321415759121E-04  0.999965557065E+00 -0.107158563800E+01
  0.328902492697E-04  0.999964754797E+00 -0.107158493611E+01
  0.336563614673E-04  0.999963933843E+00 -0.107158421786E+01
  0.344403187075E-04  0.999963093767E+00 -0.107158348288E+01
  0.352425366546E-04  0.999962234124E+00 -0.107158273078E+01
  0.360634406552E-04  0.999961354458E+00 -0.107158196117E+01
  0.369034659631E-04  0.999960454302E+00 -0.107158117362E+01
  0.377630579709E-04  0.999959533180E+00 -0.107158036773E+01
  0.386426724455E-04  0.999958590603E+00 -0.107157954307E+01
  0.395427757699E-04  0.999957626071E+00 -0.107157869920E+01
  0.404638451906E-04  0.999956639073E+00 -0.107157783567E+01
  0.414063690708E-04  0.999955629086E+00 -0.107157695203E+01
  0.423708471488E-04  0.999954595574E+00 -0.107157604781E+01
  0.433577908037E-04  0.999953537989E+00 -0.107157512252E+01
  0.443677233257E-04  0.999952455771E+00 -0.107157417568E+01
  0.454011801943E-04  0.999951348346E+00 -0.107157320678E+01
  0.464587093618E-04  0.999950215126E+00 -0.107157221532E+01
  0.475408715441E-04  0.999949055512E+00 -0.107157120076E+01
  0.486482405177E-04  0.999947868888E+00 -0.107157016256E+01
  0.497814034240E-04  0.999946654625E+00 -0.107156910019E+01
  0.509409610808E-04  0.999945412079E+00 -0.107156801306E+01
  0.521275283007E-04  0.999944140592E+00 -0.107156690062E+01
  0.533417342173E-04  0.999942839490E+00 -0.107156576226E+01
  0.545842226183E-04  0.999941508083E+00 -0.107156459738E+01
  0.558556522873E-04  0.999940145665E+00 -0.107156340537E+01
  0.571566973530E-04  0.999938751513E+00 -0.107156218559E+01
  0.584880476464E-04  0.999937324889E+00 -0.107156093740E+01
  0.598504090668E-04  0.999935865037E+00 -0.107155966014E+01
  0.612445039562E-04  0.999934371182E+00 -0.107155835312E+01
  0.626710714817E-04  0.999932842533E+00 -0.107155701565E+01
  0.641308680282E-04  0.999931278278E+00 -0.107155564703E+01
  0.656246675988E-04  0.999929677590E+00 -0.107155424653E+01
  0.671532622257E-04  0.999928039619E+00 -0.107155281341E+01
  0.687174623896E-04  0.999926363497E+00 -0.107155134691E+01
  0.703180974499E-04  0.999924648336E+00 -0.107154984624E+01
  0.719560160842E-04  0.999922893225E+00 -0.107154831062E+01
  0.736320867384E-04  0.999921097236E+00 -0.107154673922E+01
  0.753471980871E-04  0.999919259415E+00 -0.107154513122E+01
  0.771022595046E-04  0.999917378789E+00 -0.107154348577E+01
  0.788982015476E-04  0.999915454361E+00 -0.107154180199E+01
  0.807359764479E-04  0.999913485110E+00 -0.107154007898E+01
  0.826165586178E-04  0.999911469992E+00 -0.107153831584E+01
  0.845409451665E-04  0.999909407940E+00 -0.107153651162E+01
  0.865101564289E-04  0.999907297860E+00 -0.107153466538E+01
  0.885252365066E-04  0.999905138634E+00 -0.107153277613E+01
  0.905872538214E-04  0.999902929117E+00 -0.107153084287E+01
  0.926973016817E-04  0.999900668138E+00 -0.107152886458E+01
  0.948564988625E-04  0.999898354498E+00 -0.107152684021E+01
  0.970659901985E-04  0.999895986971E+00 -0.107152476867E+01
  0.993269471906E-04  0.999893564302E+00 -0.107152264889E+01
  0.101640568628E-03  0.999891085206E+00 -0.107152047972E+01
  0.104008081223E-03  0.999888548371E+00 -0.107151826003E+01
  0.106430740261E-03  0.999885952450E+00 -0.107151598862E+01
  0.108909830269E-03  0.999883296068E+00 -0.107151366431E+01
  0.111446665691E-03  0.999880577818E+00 -0.107151128585E+01
  0.114042591592E-03  0.999877796257E+00 -0.107150885199E+01
  0.116698984365E-03  0.999874949912E+00 -0.107150636143E+01
  0.119417252465E-03  0.999872037274E+00 -0.107150381285E+01
  0.122198837151E-03  0.999869056799E+00 -0.107150120491E+01
  0.125045213258E-03  0.999866006907E+00 -0.107149853621E+01
  0.127957889971E-03  0.999862885982E+00 -0.107149580535E+01
  0.130938411629E-03  0.999859692370E+00 -0.107149301087E+01
  0.133988358544E-03  0.999856424378E+00 -0.107149015129E+01
  0.137109347836E-03  0.999853080273E+00 -0.107148722510E+01
  0.140303034297E-03  0.999849658283E+00 -0.107148423074E+01
  0.143571111260E-03  0.999846156595E+00 -0.107148116663E+01
  0.146915311501E-03  0.999842573353E+00 -0.107147803114E+01
  0.150337408161E-03  0.999838906657E+00 -0.107147482261E+01
  0.153839215678E-03  0.999835154564E+00 -0.107147153934E+01
  0.157422590758E-03  0.999831315086E+00 -0.107146817958E+01
  0.161089433352E-03  0.999827386187E+00 -0.107146474155E+01
  0.164841687668E-03  0.999823365785E+00 -0.107146122344E+01
  0.168681343201E-03  0.999819251750E+00 -0.107145762337E+01
  0.172610435786E-03  0.999815041901E+00 -0.107145393943E+01
  0.176631048680E-03  0.999810734007E+00 -0.107145016967E+01
  0.180745313663E-03  0.999806325785E+00 -0.107144631209E+01
  0.184955412173E-03  0.999801814899E+00 -0.107144236465E+01
  0.189263576460E-03  0.999797198958E+00 -0.107143832525E+01
  0.193672090767E-03  0.999792475516E+00 -0.107143419175E+01
  0.198183292548E-03  0.999787642070E+00 -0.107142996195E+01
  0.202799573699E-03  0.999782696058E+00 -0.107142563362E+01
  0.207523381835E-03  0.999777634859E+00 -0.107142120445E+01
  0.212357221579E-03  0.999772455792E+00 -0.107141667211E+01
  0.217303655896E-03  0.999767156111E+00 -0.107141203417E+01
  0.222365307451E-03  0.999761733009E+00 -0.107140728819E+01
  0.227544859997E-03  0.999756183611E+00 -0.107140243164E+01
  0.232845059801E-03  0.999750504977E+00 -0.107139746196E+01
  0.238268717099E-03  0.999744694098E+00 -0.107139237650E+01
  0.243818707583E-03  0.999738747895E+00 -0.107138717256E+01
  0.249497973931E-03  0.999732663217E+00 -0.107138184739E+01
  0.255309527366E-03  0.999726436840E+00 -0.107137639816E+01
  0.261256449247E-03  0.999720065465E+00 -0.107137082198E+01
  0.267341892712E-03  0.999713545716E+00 -0.107136511589E+01
  0.273569084341E-03  0.999706874138E+00 -0.107135927687E+01
  0.279941325873E-03  0.999700047197E+00 -0.107135330182E+01
  0.286461995953E-03  0.999693061276E+00 -0.107134718756E+01
  0.293134551927E-03  0.999685912672E+00 -0.107134093086E+01
  0.299962531670E-03  0.999678597600E+00 -0.107133452839E+01
  0.306949555467E-03  0.999671112183E+00 -0.107132797676E+01
  0.314099327928E-03  0.999663452456E+00 -0.107132127249E+01
  0.321415639958E-03  0.999655614360E+00 -0.107131441203E+01
  0.328902370759E-03  0.999647593744E+00 -0.107130739174E+01
  0.336563489894E-03  0.999639386358E+00 -0.107130020788E+01
  0.344403059389E-03  0.999630987854E+00 -0.107129285666E+01
  0.352425235887E-03  0.999622393784E+00 -0.107128533417E+01
  0.360634272849E-03  0.999613599595E+00 -0.107127763641E+01
  0.369034522814E-03  0.999604600628E+00 -0.107126975931E+01
  0.377630439705E-03  0.999595392117E+00 -0.107126169869E+01
  0.386426581190E-03  0.999585969184E+00 -0.107125345026E+01
  0.395427611096E-03  0.999576326837E+00 -0.107124500965E+01
  0.404638301889E-03  0.999566459970E+00 -0.107123637239E+01
  0.414063537196E-03  0.999556363357E+00 -0.107122753388E+01
  0.423708314401E-03  0.999546031650E+00 -0.107121848945E+01
  0.433577747290E-03  0.999535459377E+00 -0.107120923428E+01
  0.443677068766E-03  0.999524640938E+00 -0.107119976348E+01
  0.454011633621E-03  0.999513570605E+00 -0.107119007200E+01
  0.464586921376E-03  0.999502242514E+00 -0.107118015472E+01
  0.475408539186E-03  0.999490650666E+00 -0.107117000636E+01
  0.486482224816E-03  0.999478788924E+00 -0.107115962155E+01
  0.497813849678E-03  0.999466651005E+00 -0.107114899477E+01
  0.509409421947E-03  0.999454230483E+00 -0.107113812037E+01
  0.521275089748E-03  0.999441520780E+00 -0.107112699260E+01
  0.533417144412E-03  0.999428515166E+00 -0.107111560554E+01
  0.545842023815E-03  0.999415206756E+00 -0.107110395315E+01
  0.558556315792E-03  0.999401588504E+00 -0.107109202924E+01
  0.571566761625E-03  0.999387653198E+00 -0.107107982749E+01
  0.584880259623E-03  0.999373393462E+00 -0.107106734142E+01
  0.598503868777E-03  0.999358801747E+00 -0.107105456441E+01
  0.612444812501E-03  0.999343870326E+00 -0.107104148966E+01
  0.626710482468E-03  0.999328591297E+00 -0.107102811024E+01
  0.641308442521E-03  0.999312956572E+00 -0.107101441905E+01
  0.656246432689E-03  0.999296957873E+00 -0.107100040881E+01
  0.671532373290E-03  0.999280586734E+00 -0.107098607210E+01
  0.687174369130E-03  0.999263834489E+00 -0.107097140130E+01
  0.703180713799E-03  0.999246692272E+00 -0.107095638862E+01
  0.719559894069E-03  0.999229151010E+00 -0.107094102609E+01
  0.736320594398E-03  0.999211201420E+00 -0.107092530555E+01
  0.753471701526E-03  0.999192834004E+00 -0.107090921866E+01
  0.771022309194E-03  0.999174039041E+00 -0.107089275688E+01
  0.788981722966E-03  0.999154806586E+00 -0.107087591146E+01
  0.807359465155E-03  0.999135126463E+00 -0.107085867346E+01
  0.826165279882E-03  0.999114988259E+00 -0.107084103372E+01
  0.845409138234E-03  0.999094381319E+00 -0.107082298289E+01
  0.865101243558E-03  0.999073294742E+00 -0.107080451137E+01
  0.885252036864E-03  0.999051717372E+00 -0.107078560934E+01
  0.905872202367E-03  0.999029637795E+00 -0.107076626679E+01
  0.926972673148E-03  0.999007044332E+00 -0.107074647342E+01
  0.948564636951E-03  0.998983925031E+00 -0.107072621873E+01
  0.970659542118E-03  0.998960267666E+00 -0.107070549196E+01
  0.993269103658E-03  0.998936059724E+00 -0.107068428210E+01
  0.101640530945E-02  0.998911288403E+00 -0.107066257788E+01
  0.104008042662E-02  0.998885940604E+00 -0.107064036777E+01
  0.106430700803E-02  0.998860002924E+00 -0.107061763997E+01
  0.108909789891E-02  0.998833461647E+00 -0.107059438241E+01
  0.111446624373E-02  0.998806302741E+00 -0.107057058274E+01
  0.114042549312E-02  0.998778511849E+00 -0.107054622829E+01
  0.116698941100E-02  0.998750074277E+00 -0.107052130615E+01
  0.119417208191E-02  0.998720974996E+00 -0.107049580305E+01
  0.122198791847E-02  0.998691198622E+00 -0.107046970546E+01
  0.125045166899E-02  0.998660729420E+00 -0.107044299949E+01
  0.127957842531E-02  0.998629551285E+00 -0.107041567096E+01
  0.130938363084E-02  0.998597647743E+00 -0.107038770534E+01
  0.133988308868E-02  0.998565001935E+00 -0.107035908777E+01
  0.137109297004E-02  0.998531596612E+00 -0.107032980304E+01
  0.140302982281E-02  0.998497414125E+00 -0.107029983557E+01
  0.143571058032E-02  0.998462436417E+00 -0.107026916945E+01
  0.146915257033E-02  0.998426645010E+00 -0.107023778835E+01
  0.150337352424E-02  0.998390021002E+00 -0.107020567561E+01
  0.153839158643E-02  0.998352545048E+00 -0.107017281413E+01
  0.157422532394E-02  0.998314197359E+00 -0.107013918646E+01
  0.161089373629E-02  0.998274957685E+00 -0.107010477471E+01
  0.164841626554E-02  0.998234805308E+00 -0.107006956058E+01
  0.168681280664E-02  0.998193719030E+00 -0.107003352533E+01
  0.172610371792E-02  0.998151677162E+00 -0.106999664980E+01
  0.176630983195E-02  0.998108657513E+00 -0.106995891438E+01
  0.180745246653E-02  0.998064637379E+00 -0.106992029899E+01
  0.184955343602E-02  0.998019593529E+00 -0.106988078309E+01
  0.189263506292E-02  0.997973502195E+00 -0.106984034565E+01
  0.193672018965E-02  0.997926339060E+00 -0.106979896516E+01
  0.198183219073E-02  0.997878079243E+00 -0.106975661960E+01
  0.202799498513E-02  0.997828697289E+00 -0.106971328643E+01
  0.207523304897E-02  0.997778167151E+00 -0.106966894258E+01
  0.212357142848E-02  0.997726462185E+00 -0.106962356446E+01
  0.217303575332E-02  0.997673555126E+00 -0.106957712791E+01
  0.222365225010E-02  0.997619418081E+00 -0.106952960821E+01
  0.227544775636E-02  0.997564022513E+00 -0.106948098006E+01
  0.232844973476E-02  0.997507339224E+00 -0.106943121756E+01
  0.238268628762E-02  0.997449338342E+00 -0.106938029422E+01
  0.243818617189E-02  0.997389989306E+00 -0.106932818291E+01
  0.249497881432E-02  0.997329260847E+00 -0.106927485588E+01
  0.255309432711E-02  0.997267120976E+00 -0.106922028473E+01
  0.261256352388E-02  0.997203536965E+00 -0.106916444037E+01
  0.267341793596E-02  0.997138475330E+00 -0.106910729307E+01
  0.273568982917E-02  0.997071901816E+00 -0.106904881236E+01
  0.279941222086E-02  0.997003781376E+00 -0.106898896708E+01
  0.286461889749E-02  0.996934078154E+00 -0.106892772534E+01
  0.293134443249E-02  0.996862755471E+00 -0.106886505449E+01
  0.299962420461E-02  0.996789775798E+00 -0.106880092112E+01
  0.306949441667E-02  0.996715100744E+00 -0.106873529104E+01
  0.314099211478E-02  0.996638691032E+00 -0.106866812925E+01
  0.321415520795E-02  0.996560506480E+00 -0.106859939994E+01
  0.328902248820E-02  0.996480505982E+00 -0.106852906644E+01
  0.336563365115E-02  0.996398647485E+00 -0.106845709124E+01
  0.344402931704E-02  0.996314887967E+00 -0.106838343594E+01
  0.352425105227E-02  0.996229183417E+00 -0.106830806124E+01
  0.360634139146E-02  0.996141488812E+00 -0.106823092691E+01
  0.369034385997E-02  0.996051758092E+00 -0.106815199178E+01
  0.377630299701E-02  0.995959944140E+00 -0.106807121371E+01
  0.386426437924E-02  0.995865998756E+00 -0.106798854958E+01
  0.395427464494E-02  0.995769872630E+00 -0.106790395525E+01
  0.404638151872E-02  0.995671515322E+00 -0.106781738553E+01
  0.414063383685E-02  0.995570875233E+00 -0.106772879419E+01
  0.423708157314E-02  0.995467899580E+00 -0.106763813389E+01
  0.433577586544E-02  0.995362534368E+00 -0.106754535620E+01
  0.443676904276E-02  0.995254724365E+00 -0.106745041152E+01
  0.454011465299E-02  0.995144413071E+00 -0.106735324912E+01
  0.464586749133E-02  0.995031542693E+00 -0.106725381703E+01
  0.475408362932E-02  0.994916054112E+00 -0.106715206211E+01
  0.486482044456E-02  0.994797886857E+00 -0.106704792992E+01
  0.497813665117E-02  0.994676979071E+00 -0.106694136476E+01
  0.509409233087E-02  0.994553267483E+00 -0.106683230962E+01
  0.521274896488E-02  0.994426687373E+00 -0.106672070615E+01
  0.533416946651E-02  0.994297172544E+00 -0.106660649460E+01
  0.545841821448E-02  0.994164655283E+00 -0.106648961383E+01
  0.558556108711E-02  0.994029066334E+00 -0.106637000126E+01
  0.571566549720E-02  0.993890334857E+00 -0.106624759283E+01
  0.584880042782E-02  0.993748388396E+00 -0.106612232296E+01
  0.598503646885E-02  0.993603152844E+00 -0.106599412453E+01
  0.612444585441E-02  0.993454552403E+00 -0.106586292883E+01
  0.626710250119E-02  0.993302509548E+00 -0.106572866554E+01
  0.641308204760E-02  0.993146944990E+00 -0.106559126266E+01
  0.656246189390E-02  0.992987777633E+00 -0.106545064650E+01
  0.671532124324E-02  0.992824924539E+00 -0.106530674163E+01
  0.687174114364E-02  0.992658300883E+00 -0.106515947082E+01
  0.703180453099E-02  0.992487819912E+00 -0.106500875504E+01
  0.719559627297E-02  0.992313392904E+00 -0.106485451335E+01
  0.736320321411E-02  0.992134929124E+00 -0.106469666295E+01
  0.753471422181E-02  0.991952335780E+00 -0.106453511903E+01
  0.771022023343E-02  0.991765517974E+00 -0.106436979478E+01
  0.788981430456E-02  0.991574378662E+00 -0.106420060137E+01
  0.807359165832E-02  0.991378818603E+00 -0.106402744781E+01
  0.826164973586E-02  0.991178736309E+00 -0.106385024100E+01
  0.845408824804E-02  0.990974028001E+00 -0.106366888561E+01
  0.865100922827E-02  0.990764587555E+00 -0.106348328403E+01
  0.885251708663E-02  0.990550306454E+00 -0.106329333638E+01
  0.905871866521E-02  0.990331073731E+00 -0.106309894036E+01
  0.926972329478E-02  0.990106775922E+00 -0.106289999128E+01
  0.948564285276E-02  0.989877297007E+00 -0.106269638193E+01
  0.970659182253E-02  0.989642518356E+00 -0.106248800258E+01
  0.993268735409E-02  0.989402318675E+00 -0.106227474087E+01
  0.101640493263E-01  0.989156573944E+00 -0.106205648177E+01
  0.104008004102E-01  0.988905157362E+00 -0.106183310753E+01
  0.106430661344E-01  0.988647939287E+00 -0.106160449757E+01
  0.108909749514E-01  0.988384787172E+00 -0.106137052846E+01
  0.111446583055E-01  0.988115565509E+00 -0.106113107382E+01
  0.114042507031E-01  0.987840135757E+00 -0.106088600426E+01
  0.116698897834E-01  0.987558356287E+00 -0.106063518730E+01
  0.119417163918E-01  0.987270082310E+00 -0.106037848730E+01
  0.122198746542E-01  0.986975165810E+00 -0.106011576540E+01
  0.125045120539E-01  0.986673455482E+00 -0.105984687940E+01
  0.127957795092E-01  0.986364796655E+00 -0.105957168371E+01
  0.130938314540E-01  0.986049031227E+00 -0.105929002928E+01
  0.133988259193E-01  0.985725997589E+00 -0.105900176346E+01
  0.137109246172E-01  0.985395530556E+00 -0.105870672999E+01
  0.140302930264E-01  0.985057461289E+00 -0.105840476885E+01
  0.143571004803E-01  0.984711617220E+00 -0.105809571618E+01
  0.146915202565E-01  0.984357821976E+00 -0.105777940422E+01
  0.150337296687E-01  0.983995895300E+00 -0.105745566116E+01
  0.153839101608E-01  0.983625652970E+00 -0.105712431110E+01
  0.157422474031E-01  0.983246906721E+00 -0.105678517390E+01
  0.161089313906E-01  0.982859464156E+00 -0.105643806513E+01
  0.164841565440E-01  0.982463128672E+00 -0.105608279588E+01
  0.168681218126E-01  0.982057699364E+00 -0.105571917276E+01
  0.172610307798E-01  0.981642970947E+00 -0.105534699769E+01
  0.176630917710E-01  0.981218733663E+00 -0.105496606786E+01
  0.180745179643E-01  0.980784773193E+00 -0.105457617556E+01
  0.184955275031E-01  0.980340870565E+00 -0.105417710809E+01
  0.189263436123E-01  0.979886802068E+00 -0.105376864764E+01
  0.193671947162E-01  0.979422339147E+00 -0.105335057114E+01
  0.198183145597E-01  0.978947248320E+00 -0.105292265016E+01
  0.202799423326E-01  0.978461291074E+00 -0.105248465076E+01
  0.207523227959E-01  0.977964223771E+00 -0.105203633334E+01
  0.212357064118E-01  0.977455797546E+00 -0.105157745255E+01
  0.217303494768E-01  0.976935758213E+00 -0.105110775711E+01
  0.222365142570E-01  0.976403846154E+00 -0.105062698966E+01
  0.227544691276E-01  0.975859796225E+00 -0.105013488664E+01
  0.232844887150E-01  0.975303337647E+00 -0.104963117811E+01
  0.238268540425E-01  0.974734193902E+00 -0.104911558762E+01
  0.243818526794E-01  0.974152082625E+00 -0.104858783201E+01
  0.249497788932E-01  0.973556715500E+00 -0.104804762130E+01
  0.255309338057E-01  0.972947798147E+00 -0.104749465848E+01
  0.261256255529E-01  0.972325030013E+00 -0.104692863934E+01
  0.267341694481E-01  0.971688104263E+00 -0.104634925232E+01
  0.273568881493E-01  0.971036707664E+00 -0.104575617830E+01
  0.279941118300E-01  0.970370520478E+00 -0.104514909045E+01
  0.286461783545E-01  0.969689216341E+00 -0.104452765400E+01
  0.293134334571E-01  0.968992462151E+00 -0.104389152607E+01
  0.299962309252E-01  0.968279917956E+00 -0.104324035548E+01
  0.306949327868E-01  0.967551236832E+00 -0.104257378250E+01
  0.314099095028E-01  0.966806064768E+00 -0.104189143872E+01
  0.321415401632E-01  0.966044040550E+00 -0.104119294677E+01
  0.328902126882E-01  0.965264795641E+00 -0.104047792012E+01
  0.336563240337E-01  0.964467954065E+00 -0.103974596288E+01
  0.344402804019E-01  0.963653132283E+00 -0.103899666954E+01
  0.352424974568E-01  0.962819939083E+00 -0.103822962476E+01
  0.360634005443E-01  0.961967975453E+00 -0.103744440314E+01
  0.369034249180E-01  0.961096834465E+00 -0.103664056894E+01
  0.377630159697E-01  0.960206101160E+00 -0.103581767586E+01
  0.386426294659E-01  0.959295352424E+00 -0.103497526678E+01
  0.395427317892E-01  0.958364156876E+00 -0.103411287351E+01
  0.404638001855E-01  0.957412074746E+00 -0.103323001649E+01
  0.414063230173E-01  0.956438657766E+00 -0.103232620458E+01
  0.423708000227E-01  0.955443449048E+00 -0.103140093472E+01
  0.433577425798E-01  0.954425982974E+00 -0.103045369169E+01
  0.443676739785E-01  0.953385785086E+00 -0.102948394782E+01
  0.454011296977E-01  0.952322371973E+00 -0.102849116266E+01
  0.464586576890E-01  0.951235251163E+00 -0.102747478274E+01
  0.475408186677E-01  0.950123921019E+00 -0.102643424124E+01
  0.486481864096E-01  0.948987870635E+00 -0.102536895764E+01
  0.497813480555E-01  0.947826579734E+00 -0.102427833749E+01
  0.509409044227E-01  0.946639518574E+00 -0.102316177202E+01
  0.521274703229E-01  0.945426147851E+00 -0.102201863783E+01
  0.533416748890E-01  0.944185918612E+00 -0.102084829661E+01
  0.545841619080E-01  0.942918272168E+00 -0.101965009472E+01
  0.558555901629E-01  0.941622640012E+00 -0.101842336292E+01
  0.571566337815E-01  0.940298443746E+00 -0.101716741600E+01
  0.584879825942E-01  0.938945095007E+00 -0.101588155244E+01
  0.598503424994E-01  0.937561995406E+00 -0.101456505403E+01
  0.612444358381E-01  0.936148536467E+00 -0.101321718556E+01
  0.626710017770E-01  0.934704099579E+00 -0.101183719442E+01
  0.641307966999E-01  0.933228055949E+00 -0.101042431025E+01
  0.656245946091E-01  0.931719766569E+00 -0.100897774460E+01
  0.671531875357E-01  0.930178582188E+00 -0.100749669053E+01
  0.687173859599E-01  0.928603843297E+00 -0.100598032223E+01
  0.703180192399E-01  0.926994880115E+00 -0.100442779472E+01
  0.719559360525E-01  0.925351012602E+00 -0.100283824339E+01
  0.736320048425E-01  0.923671550465E+00 -0.100121078370E+01
  0.753471142836E-01  0.921955793188E+00 -0.999544510769E+00
  0.771021737491E-01  0.920203030074E+00 -0.997838499049E+00
  0.788981137946E-01  0.918412540294E+00 -0.996091801918E+00
  0.807358866508E-01  0.916583592962E+00 -0.994303451354E+00
  0.826164667291E-01  0.914715447210E+00 -0.992472457565E+00
  0.845408511374E-01  0.912807352299E+00 -0.990597808653E+00
  0.865100602096E-01  0.910858547729E+00 -0.988678470267E+00
  0.885251380461E-01  0.908868263382E+00 -0.986713385280E+00
  0.905871530674E-01  0.906835719676E+00 -0.984701473467E+00
  0.926971985809E-01  0.904760127743E+00 -0.982641631201E+00
  0.948563933602E-01  0.902640689634E+00 -0.980532731165E+00
  0.970658822387E-01  0.900476598535E+00 -0.978373622075E+00
  0.993268367161E-01  0.898267039022E+00 -0.976163128429E+00
  0.101640455580E+00  0.896011187335E+00 -0.973900050271E+00
  0.104007965542E+00  0.893708211678E+00 -0.971583162986E+00
  0.106430621886E+00  0.891357272552E+00 -0.969211217115E+00
  0.108909709136E+00  0.888957523118E+00 -0.966782938204E+00
  0.111446541737E+00  0.886508109591E+00 -0.964297026687E+00
  0.114042464751E+00  0.884008171667E+00 -0.961752157803E+00
  0.116698854569E+00  0.881456842986E+00 -0.959146981552E+00
  0.119417119645E+00  0.878853251638E+00 -0.956480122702E+00
  0.122198701238E+00  0.876196520697E+00 -0.953750180835E+00
  0.125045074179E+00  0.873485768803E+00 -0.950955730455E+00
  0.127957747652E+00  0.870720110791E+00 -0.948095321150E+00
  0.130938265995E+00  0.867898658351E+00 -0.945167477811E+00
  0.133988209518E+00  0.865020520750E+00 -0.942170700933E+00
  0.137109195339E+00  0.862084805591E+00 -0.939103466980E+00
  0.140302878248E+00  0.859090619631E+00 -0.935964228828E+00
  0.143570951575E+00  0.856037069647E+00 -0.932751416308E+00
  0.146915148097E+00  0.852923263356E+00 -0.929463436828E+00
  0.150337240951E+00  0.849748310399E+00 -0.926098676105E+00
  0.153839044573E+00  0.846511323377E+00 -0.922655499003E+00
  0.157422415667E+00  0.843211418952E+00 -0.919132250486E+00
  0.161089254183E+00  0.839847719008E+00 -0.915527256699E+00
  0.164841504326E+00  0.836419351885E+00 -0.911838826178E+00
  0.168681155589E+00  0.832925453675E+00 -0.908065251208E+00
  0.172610243804E+00  0.829365169585E+00 -0.904204809334E+00
  0.176630852225E+00  0.825737655381E+00 -0.900255765022E+00
  0.180745112633E+00  0.822042078901E+00 -0.896216371512E+00
  0.184955206460E+00  0.818277621638E+00 -0.892084872837E+00
  0.189263365955E+00  0.814443480412E+00 -0.887859506045E+00
  0.193671875359E+00  0.810538869113E+00 -0.883538503623E+00
  0.198183072122E+00  0.806563020524E+00 -0.879120096139E+00
  0.202799348139E+00  0.802515188233E+00 -0.874602515110E+00
  0.207523151021E+00  0.798394648621E+00 -0.869983996109E+00
  0.212356985388E+00  0.794200702934E+00 -0.865262782129E+00
  0.217303414204E+00  0.789932679447E+00 -0.860437127203E+00
  0.222365060129E+00  0.785589935703E+00 -0.855505300301E+00
  0.227544606915E+00  0.781171860839E+00 -0.850465589516E+00
  0.232844800824E+00  0.776677878003E+00 -0.845316306540E+00
  0.238268452089E+00  0.772107446850E+00 -0.840055791459E+00
  0.243818436400E+00  0.767460066111E+00 -0.834682417851E+00
  0.249497696432E+00  0.762735276264E+00 -0.829194598221E+00
  0.255309243403E+00  0.757932662257E+00 -0.823590789769E+00
  0.261256158670E+00  0.753051856330E+00 -0.817869500497E+00
  0.267341595366E+00  0.748092540895E+00 -0.812029295662E+00
  0.273568780069E+00  0.743054451482E+00 -0.806068804588E+00
  0.279941014513E+00  0.737937379760E+00 -0.799986727825E+00
  0.286461677341E+00  0.732741176603E+00 -0.793781844662E+00
  0.293134225894E+00  0.727465755210E+00 -0.787453020995E+00
  0.299962198043E+00  0.722111094274E+00 -0.780999217538E+00
  0.306949214068E+00  0.716677241173E+00 -0.774419498374E+00
  0.314098978577E+00  0.711164315198E+00 -0.767713039834E+00
  0.321415282469E+00  0.705572510791E+00 -0.760879139685E+00
  0.328902004943E+00  0.699902100786E+00 -0.753917226614E+00
  0.336563115558E+00  0.694153439643E+00 -0.746826869976E+00
  0.344402676334E+00  0.688326966657E+00 -0.739607789795E+00
  0.352424843908E+00  0.682423209131E+00 -0.732259866960E+00
  0.360633871740E+00  0.676442785501E+00 -0.724783153599E+00
  0.369034112362E+00  0.670386408378E+00 -0.717177883580E+00
  0.377630019693E+00  0.664254887517E+00 -0.709444483087E+00
  0.386426151394E+00  0.658049132671E+00 -0.701583581218E+00
  0.395427171290E+00  0.651770156314E+00 -0.693596020539E+00
  0.404637851838E+00  0.645419076224E+00 -0.685482867541E+00
  0.414063076662E+00  0.638997117893E+00 -0.677245422900E+00
  0.423707843140E+00  0.632505616736E+00 -0.668885231491E+00
  0.433577265052E+00  0.625946020094E+00 -0.660404092035E+00
  0.443676575295E+00  0.619319888988E+00 -0.651804066327E+00
  0.454011128655E+00  0.612628899612E+00 -0.643087487908E+00
  0.464586404648E+00  0.605874844531E+00 -0.634256970112E+00
  0.475408010422E+00  0.599059633567E+00 -0.625315413358E+00
  0.486481683736E+00  0.592185294347E+00 -0.616266011597E+00
  0.497813295994E+00  0.585253972483E+00 -0.607112257788E+00
  0.509408855366E+00  0.578267931368E+00 -0.597857948302E+00
  0.521274509970E+00  0.571229551561E+00 -0.588507186129E+00
  0.533416551129E+00  0.564141329741E+00 -0.579064382792E+00
  0.545841416713E+00  0.557005877217E+00 -0.569534258851E+00
  0.558555694548E+00  0.549825917962E+00 -0.559921842892E+00
  0.571566125911E+00  0.542604286175E+00 -0.550232468913E+00
  0.584879609101E+00  0.535343923337E+00 -0.540471772012E+00
  0.598503203102E+00  0.528047874771E+00 -0.530645682300E+00
  0.612444131321E+00  0.520719285693E+00 -0.520760416978E+00
  0.626709785421E+00  0.513361396737E+00 -0.510822470517E+00
  0.641307729238E+00  0.505977538987E+00 -0.500838602915E+00
  0.656245702791E+00  0.498571128481E+00 -0.490815826001E+00
  0.671531626391E+00  0.491145660234E+00 -0.480761387804E+00
  0.687173604833E+00  0.483704701765E+00 -0.470682754981E+00
  0.703179931699E+00  0.476251886167E+00 -0.460587593379E+00
  0.719559093753E+00  0.468790904726E+00 -0.450483746768E+00
  0.736319775439E+00  0.461325499131E+00 -0.440379213849E+00
  0.753470863491E+00  0.453859453292E+00 -0.430282123643E+00
  0.771021451640E+00  0.446396584822E+00 -0.420200709393E+00
  0.788980845436E+00  0.438940736198E+00 -0.410143281140E+00
  0.807358567185E+00  0.431495765671E+00 -0.400118197143E+00
  0.826164360995E+00  0.424065537955E+00 -0.390133834343E+00
  0.845408197944E+00  0.416653914751E+00 -0.380198558086E+00
  0.865100281366E+00  0.409264745163E+00 -0.370320691329E+00
  0.885251052260E+00  0.401901856059E+00 -0.360508483573E+00
  0.905871194828E+00  0.394569042432E+00 -0.350770079768E+00
  0.926971642140E+00  0.387270057822E+00 -0.341113489454E+00
  0.948563581928E+00  0.380008604860E+00 -0.331546556384E+00
  0.970658462521E+00  0.372788325983E+00 -0.322076928899E+00
  0.993267998913E+00  0.365612794391E+00 -0.312712031289E+00
  0.101640417898E+01  0.358485505284E+00 -0.303459036402E+00
  0.104007926982E+01  0.351409867447E+00 -0.294324839704E+00
  0.106430582427E+01  0.344389195228E+00 -0.285316035037E+00
  0.108909668758E+01  0.337426700953E+00 -0.276438892236E+00
  0.111446500419E+01  0.330525487820E+00 -0.267699336799E+00
  0.114042422470E+01  0.323688543320E+00 -0.259102931753E+00
  0.116698811304E+01  0.316918733203E+00 -0.250654861837E+00
  0.119417075372E+01  0.310218796029E+00 -0.242359920091E+00
  0.122198655934E+01  0.303591338326E+00 -0.234222496937E+00
  0.125045027819E+01  0.297038830361E+00 -0.226246571765E+00
  0.127957700213E+01  0.290563602551E+00 -0.218435707051E+00
  0.130938217451E+01  0.284167842510E+00 -0.210793044986E+00
  0.133988159842E+01  0.277853592736E+00 -0.203321306563E+00
  0.137109144507E+01  0.271622748931E+00 -0.196022793063E+00
  0.140302826231E+01  0.265477058950E+00 -0.188899389837E+00
  0.143570898347E+01  0.259418122357E+00 -0.181952572279E+00
  0.146915093630E+01  0.253447390573E+00 -0.175183413848E+00
  0.150337185214E+01  0.247566167598E+00 -0.168592595999E+00
  0.153838987538E+01  0.241775611269E+00 -0.162180419858E+00
  0.157422357304E+01  0.236076735035E+00 -0.155946819469E+00
  0.161089194460E+01  0.230470410209E+00 -0.149891376442E+00
  0.164841443212E+01  0.224957368676E+00 -0.144013335806E+00
  0.168681093051E+01  0.219538206001E+00 -0.138311622901E+00
  0.172610179810E+01  0.214213384915E+00 -0.132784861107E+00
  0.176630786741E+01  0.208983239140E+00 -0.127431390241E+00
  0.180745045623E+01  0.203847977507E+00 -0.122249285455E+00
  0.184955137889E+01  0.198807688337E+00 -0.117236376441E+00
  0.189263295787E+01  0.193862344038E+00 -0.112390266812E+00
  0.193671803557E+01  0.189011805897E+00 -0.107708353496E+00
  0.198182998647E+01  0.184255829013E+00 -0.103187846006E+00
  0.202799272953E+01  0.179594067350E+00 -0.988257854573E-01
  0.207523074083E+01  0.175026078865E+00 -0.946190632290E-01
  0.212356906658E+01  0.170551330700E+00 -0.905644391523E-01
  0.217303333640E+01  0.166169204383E+00 -0.866585591492E-01
  0.222364977689E+01  0.161879001031E+00 -0.828979722372E-01
  0.227544522554E+01  0.157679946522E+00 -0.792791468404E-01
  0.232844714498E+01  0.153571196616E+00 -0.757984863506E-01
  0.238268363752E+01  0.149551841993E+00 -0.724523438989E-01
  0.243818346006E+01  0.145620913214E+00 -0.692370363064E-01
  0.249497603932E+01  0.141777385560E+00 -0.661488571924E-01
  0.255309148748E+01  0.138020183753E+00 -0.631840892278E-01
  0.261256061811E+01  0.134348186544E+00 -0.603390155305E-01
  0.267341496251E+01  0.130760231149E+00 -0.576099302053E-01
  0.273568678645E+01  0.127255117537E+00 -0.549931480389E-01
  0.279940910727E+01  0.123831612547E+00 -0.524850133660E-01
  0.286461571138E+01  0.120488453848E+00 -0.500819081258E-01
  0.293134117216E+01  0.117224353716E+00 -0.477802591360E-01
  0.299962086833E+01  0.114038002652E+00 -0.455765446114E-01
  0.306949100269E+01  0.110928072806E+00 -0.434672999580E-01
  0.314098862127E+01  0.107893221242E+00 -0.414491228778E-01
  0.321415163307E+01  0.104932093019E+00 -0.395186778180E-01
  0.328901883005E+01  0.102043324098E+00 -0.376726998009E-01
  0.336562990779E+01  0.992255440857E-01 -0.359079976723E-01
  0.344402548648E+01  0.964773788018E-01 -0.342214568052E-01
  0.352424713249E+01  0.937974526881E-01 -0.326100412952E-01
  0.360633738037E+01  0.911843910553E-01 -0.310707956854E-01
  0.369033975545E+01  0.886368221759E-01 -0.296008462553E-01
  0.377629879689E+01  0.861533792264E-01 -0.281974019101E-01
  0.386426008129E+01  0.837327020854E-01 -0.268577547031E-01
  0.395427024687E+01  0.813734389928E-01 -0.255792800246E-01
  0.404637701821E+01  0.790742480747E-01 -0.243594364881E-01
  0.414062923151E+01  0.768337987418E-01 -0.231957655434E-01
  0.423707686053E+01  0.746507729654E-01 -0.220858908454E-01
  0.433577104306E+01  0.725238664376E-01 -0.210275174049E-01
  0.443676410804E+01  0.704517896220E-01 -0.200184305458E-01
  0.454010960333E+01  0.684332686998E-01 -0.190564946934E-01
  0.464586232405E+01  0.664670464172E-01 -0.181396520151E-01
  0.475407834168E+01  0.645518828403E-01 -0.172659209336E-01
  0.486481503376E+01  0.626865560227E-01 -0.164333945314E-01
  0.497813111433E+01  0.608698625905E-01 -0.156402388651E-01
  0.509408666506E+01  0.591006182509E-01 -0.148846912036E-01
  0.521274316710E+01  0.573776582285E-01 -0.141650582068E-01
  0.533416353368E+01  0.556998376349E-01 -0.134797140564E-01
  0.545841214346E+01  0.540660317756E-01 -0.128270985525E-01
  0.558555487467E+01  0.524751363992E-01 -0.122057151857E-01
  0.571565914006E+01  0.509260678927E-01 -0.116141291955E-01
  0.584879392261E+01  0.494177634272E-01 -0.110509656228E-01
  0.598502981211E+01  0.479491810581E-01 -0.105149073665E-01
  0.612443904262E+01  0.465192997834E-01 -0.100046932483E-01
  0.626709553072E+01  0.451271195628E-01 -0.951911609447E-02
  0.641307491477E+01  0.437716613030E-01 -0.905702083913E-02
  0.656245459492E+01  0.424519668098E-01 -0.861730265322E-02
  0.671531377425E+01  0.411670987122E-01 -0.819890510424E-02
  0.687173350068E+01  0.399161403597E-01 -0.780081834972E-02
  0.703179671000E+01  0.386981956973E-01 -0.742207736763E-02
  0.719558826981E+01  0.375123891182E-01 -0.706176022604E-02
  0.736319502453E+01  0.363578652999E-01 -0.671898639431E-02
  0.753470584146E+01  0.352337890223E-01 -0.639291509724E-02
  0.771021165788E+01  0.341393449734E-01 -0.608274371354E-02
  0.788980552926E+01  0.330737375417E-01 -0.578770621963E-02
  0.807358267862E+01  0.320361905999E-01 -0.550707167930E-02
  0.826164054700E+01  0.310259472789E-01 -0.524014277968E-02
  0.845407884514E+01  0.300422697362E-01 -0.498625441367E-02
  0.865099960635E+01  0.290844389190E-01 -0.474477230880E-02
  0.885250724058E+01  0.281517543240E-01 -0.451509170224E-02
  0.905870858982E+01  0.272435337549E-01 -0.429663606160E-02
  0.926971298471E+01  0.263591130792E-01 -0.408885585099E-02
  0.948563230254E+01  0.254978459864E-01 -0.389122734165E-02
  0.970658102655E+01  0.246591037469E-01 -0.370325146654E-02
  0.993267630665E+01  0.238422749750E-01 -0.352445271781E-02
  0.101640380215E+02  0.230467653954E-01 -0.335437808655E-02
  0.104007888421E+02  0.222719976154E-01 -0.319259604358E-02
  0.106430542969E+02  0.215174109029E-01 -0.303869556049E-02
  0.108909628381E+02  0.207824609721E-01 -0.289228516980E-02
  0.111446459101E+02  0.200666197773E-01 -0.275299206320E-02
  0.114042380190E+02  0.193693753158E-01 -0.262046122676E-02
  0.116698768038E+02  0.186902314409E-01 -0.249435461216E-02
  0.119417031099E+02  0.180287076854E-01 -0.237435034279E-02
  0.122198610629E+02  0.173843390978E-01 -0.226014195360E-02
  0.125044981460E+02  0.167566760893E-01 -0.215143766387E-02
  0.127957652773E+02  0.161452842957E-01 -0.204795968174E-02
  0.130938168906E+02  0.155497444516E-01 -0.194944353959E-02
  0.133988110167E+02  0.149696522795E-01 -0.185563745937E-02
  0.137109093674E+02  0.144046183943E-01 -0.176630174705E-02
  0.140302774215E+02  0.138542682214E-01 -0.168120821534E-02
  0.143570845119E+02  0.133182419314E-01 -0.160013963399E-02
  0.146915039162E+02  0.127961943895E-01 -0.152288920707E-02
  0.150337129478E+02  0.122877951195E-01 -0.144926007665E-02
  0.153838930504E+02  0.117927282832E-01 -0.137906485241E-02
  0.157422298941E+02  0.113106926723E-01 -0.131212516699E-02
  0.161089134737E+02  0.108414017125E-01 -0.124827125676E-02
  0.164841382098E+02  0.103845834781E-01 -0.118734156797E-02
  0.168681030514E+02  0.993998071348E-02 -0.112918238848E-02
  0.172610115815E+02  0.950735085906E-02 -0.107364750521E-02
  0.176630721256E+02  0.908646607589E-02 -0.102059788776E-02
  0.180744978612E+02  0.867711326471E-02 -0.969901398705E-03
  0.184955069318E+02  0.827909407137E-02 -0.921432531412E-03
  0.189263225619E+02  0.789222487054E-02 -0.875072175988E-03
  0.193671731754E+02  0.751633671692E-02 -0.830707414380E-03
  0.198182925172E+02  0.715127525177E-02 -0.788231345453E-03
  0.202799197766E+02  0.679690054981E-02 -0.747542940808E-03
  0.207522997145E+02  0.645308688927E-02 -0.708546931897E-03
  0.212356827928E+02  0.611972242562E-02 -0.671153728518E-03
  0.217303253076E+02  0.579670874655E-02 -0.635279368145E-03
  0.222364895248E+02  0.548396028387E-02 -0.600845494584E-03
  0.227544438193E+02  0.518140355590E-02 -0.567779363139E-03
  0.232844628173E+02  0.488897621299E-02 -0.536013867776E-03
  0.238268275416E+02  0.460662585859E-02 -0.505487583646E-03
  0.243818255612E+02  0.433430862040E-02 -0.476144815603E-03
  0.249497511433E+02  0.407198744957E-02 -0.447935639772E-03
  0.255309054094E+02  0.381963013476E-02 -0.420815917380E-03
  0.261255964952E+02  0.357720703884E-02 -0.394747207810E-03
  0.267368133949E+02  0.334370152488E-02 -0.369591253576E-03
  0.273623304391E+02  0.312015009120E-02 -0.345434993370E-03
  0.279996817039E+02  0.290742114236E-02 -0.322354377077E-03
  0.286518788034E+02  0.270447743207E-02 -0.300226796807E-03
  0.293192675418E+02  0.251125858644E-02 -0.279039854295E-03
  0.300022017784E+02  0.232768847209E-02 -0.258785061056E-03
  0.307010436147E+02  0.215367205133E-02 -0.239456987583E-03
  0.314161635867E+02  0.198909255085E-02 -0.221052359434E-03
  0.321479408614E+02  0.183380907172E-02 -0.203569070504E-03
  0.328967634375E+02  0.168765477167E-02 -0.187005146769E-03
  0.336630283516E+02  0.155043573416E-02 -0.171357709104E-03
  0.344471418884E+02  0.142193060934E-02 -0.156621990249E-03
  0.352495197962E+02  0.130189107232E-02 -0.142790461461E-03
  0.360705875073E+02  0.119004309909E-02 -0.129852118820E-03
  0.369107803637E+02  0.108608901336E-02 -0.117791968066E-03
  0.377705438477E+02  0.989710214174E-03 -0.106590731741E-03
  0.386503338183E+02  0.900570458089E-03 -0.962247850018E-04
  0.395506167528E+02  0.818319544436E-03 -0.866663093137E-04
  0.404718699943E+02  0.742597240216E-03 -0.778836382239E-04
  0.414145820043E+02  0.673037280662E-03 -0.698417580832E-04
  0.423792526225E+02  0.609271294152E-03 -0.625029201820E-04
  0.433663933312E+02  0.550932520011E-03 -0.558273187900E-04
  0.443765275264E+02  0.497659214396E-03 -0.497737919595E-04
  0.454101907960E+02  0.449097668344E-03 -0.443005074228E-04
  0.464679312031E+02  0.404904790907E-03 -0.393656033608E-04
  0.475503095769E+02  0.364750236671E-03 -0.349277620849E-04
  0.486578998100E+02  0.328318079560E-03 -0.309467027906E-04
  0.497912891627E+02  0.295308052742E-03 -0.273835868169E-04
  0.509510785744E+02  0.265436387629E-03 -0.242013348595E-04
  0.521378829821E+02  0.238436293605E-03 -0.213648601802E-04
  0.533523316467E+02  0.214058124840E-03 -0.188412250449E-04
  0.545950684862E+02  0.192069282028E-03 -0.165997295632E-04
  0.558667524178E+02  0.172253895932E-03 -0.146119430106E-04
  0.571680577065E+02  0.154412336834E-03 -0.128516878174E-04
  0.584996743232E+02  0.138360590145E-03 -0.112949859540E-04
  0.598623083102E+02  0.123929533858E-03 -0.991997660551E-05
  0.612566821556E+02  0.110964148792E-03 -0.870681299336E-05
  0.626835351766E+02  0.993226878187E-04 -0.763754507592E-05
  0.641436239111E+02  0.888758258075E-04 -0.669599374220E-05
  0.656377225193E+02  0.795058079030E-04 -0.586762105770E-05
  0.671666231938E+02  0.711056100901E-04 -0.513940016498E-05
  0.687311365798E+02  0.635781227901E-04 -0.449968760225E-05
  0.703320922048E+02  0.568353654870E-04 -0.393810008561E-05
  0.719703389184E+02  0.507977380748E-04 -0.344539720084E-05
  0.736467453429E+02  0.453933127008E-04 -0.301337096005E-05
  0.753622003329E+02  0.405571683247E-04 -0.263474278615E-05
  0.771176134475E+02  0.362307689673E-04 -0.230306818012E-05
  0.789139154319E+02  0.323613856470E-04 -0.201264909059E-05
  0.807520587115E+02  0.289015612500E-04 -0.175845383022E-05
  0.826330178961E+02  0.258086170230E-04 -0.153604425691E-05
  0.845577902975E+02  0.230441989697E-04 -0.134150985209E-05
  0.865273964578E+02  0.205738621613E-04 -0.117140827324E-05
  0.885428806905E+02  0.183666907918E-04 -0.102271192728E-05
  0.906053116344E+02  0.163949517204E-04 -0.892760100143E-06
  0.927157828201E+02  0.146337792116E-04 -0.779216179466E-06
  0.948754132498E+02  0.130608886023E-04 -0.680029520092E-06
  0.970853479908E+02  0.116563166811E-04 -0.593401520974E-06
  0.993467587822E+02  0.104021866432E-04 -0.517755506199E-06
  0.101660844657E+03  0.928249558853E-05 -0.451710029475E-06
  0.104028832576E+03  0.828292263450E-05 -0.394055249511E-06
  0.106451978081E+03  0.739065583976E-05 -0.343732052162E-06
  0.108931565959E+03  0.659423625059E-05 -0.299813623153E-06
  0.111468910923E+03  0.588341750516E-05 -0.261489202206E-06
  0.114065358309E+03  0.524903954806E-05 -0.228049775060E-06
  0.116722284792E+03  0.468291512260E-05 -0.198875483938E-06
  0.119441099113E+03  0.417772781745E-05 -0.173424559420E-06
  0.122223242825E+03  0.372694054862E-05 -0.151223597308E-06
  0.125070191062E+03  0.332471345476E-05 -0.131859022985E-06
  0.127983453316E+03  0.296583027572E-05 -0.114969602975E-06
  0.130964574242E+03  0.264563236851E-05 -0.100239878994E-06
  0.134015134472E+03  0.235995959378E-05 -0.873944138787E-07
  0.137136751457E+03  0.210509737788E-05 -0.761927513968E-07
  0.140331080324E+03  0.187772932230E-05 -0.664250032887E-07
  0.143599814752E+03  0.167489479271E-05 -0.579079870162E-07
  0.146944687870E+03  0.149395097579E-05 -0.504818467110E-07
  0.150367473180E+03  0.133253894215E-05 -0.440070978446E-07
  0.153869985491E+03  0.118855329997E-05 -0.383620432630E-07
  0.157454081885E+03  0.106011506544E-05 -0.334405145402E-07
  0.161121662702E+03  0.945547414129E-06 -0.291498981877E-07
  0.164874672547E+03  0.843354011270E-06 -0.254094111894E-07
  0.168715101318E+03  0.752199650104E-06 -0.221485946818E-07
  0.172644985268E+03  0.670892955142E-06 -0.193059984362E-07
  0.176666408076E+03  0.598370932330E-06 -0.168280321741E-07
  0.180781501960E+03  0.533685170724E-06 -0.146679627195E-07
  0.184992448800E+03  0.475989520615E-06 -0.127850385989E-07
  0.189301481303E+03  0.424529091330E-06 -0.111437259954E-07
  0.193710884179E+03  0.378630428352E-06 -0.971304197307E-08
  0.198222995357E+03  0.337692744170E-06 -0.846597265338E-08
  0.202840207224E+03  0.301180090457E-06 -0.737896557176E-08
  0.207564967891E+03  0.268614371085E-06 -0.643148679841E-08
  0.212399782495E+03  0.239569106093E-06 -0.560563459364E-08
  0.217347214524E+03  0.213663866245E-06 -0.488580240746E-08
  0.222409887179E+03  0.190559306375E-06 -0.425838494209E-08
  0.227590484760E+03  0.169952733321E-06 -0.371152179175E-08
  0.232891754096E+03  0.151574151114E-06 -0.323487386887E-08
  0.238316505995E+03  0.135182732178E-06 -0.281942843466E-08
  0.243867616740E+03  0.120563668794E-06 -0.245732908265E-08
  0.249548029610E+03  0.107525363951E-06 -0.214172748864E-08
  0.255360756441E+03  0.958969250824E-07 -0.186665414574E-08
  0.261308879224E+03  0.855259281204E-07 -0.162690565761E-08
  0.267395551740E+03  0.762764227444E-07 -0.141794647245E-08
  0.273624001231E+03  0.680271528764E-07 -0.123582321015E-08
  0.279997530111E+03  0.606699692225E-07 -0.107708997100E-08
  0.286519517715E+03  0.541084131706E-07 -0.938743220134E-09
  0.293193422096E+03  0.482564535734E-07 -0.818165021461E-09
  0.300022781855E+03  0.430373599313E-07 -0.713073551552E-09
  0.307011218015E+03  0.383826972643E-07 -0.621479960820E-09
  0.314162435947E+03  0.342314295460E-07 -0.541650768552E-09
  0.321480227330E+03  0.305291199856E-07 -0.472075082492E-09
  0.328968472161E+03  0.272272177047E-07 -0.411436024466E-09
  0.336631140817E+03  0.242824214844E-07 -0.358585822734E-09
  0.344472296154E+03  0.216561122620E-07 -0.312524100848E-09
  0.352496095666E+03  0.193138469529E-07 -0.272378953019E-09
  0.360706793688E+03  0.172249069754E-07 -0.237390448548E-09
  0.369108743649E+03  0.153618955706E-07 -0.206896253694E-09
  0.377706400385E+03  0.137003786463E-07 -0.180319099287E-09
  0.386504322496E+03  0.122185644418E-07 -0.157155857248E-09
  0.395507174769E+03  0.108970178208E-07 -0.136968019528E-09
  0.404719730645E+03  0.971840545016E-08 -0.119373399493E-09
  0.414146874754E+03  0.866726852647E-08 -0.104038898832E-09
  0.423793605504E+03  0.772982007374E-08 -0.906742032283E-10
  0.433665037729E+03  0.689376415676E-08 -0.790262875604E-10
  0.443766405407E+03  0.614813464097E-08 -0.688746267086E-10
  0.454103064427E+03  0.548315138626E-08 -0.600270213786E-10
  0.464680495436E+03  0.489009199015E-08 -0.523159599773E-10
  0.475504306739E+03  0.436117739928E-08 -0.455954477143E-10
  0.486580237277E+03  0.388946989007E-08 -0.397382429348E-10
  0.497914159668E+03  0.346878208116E-08 -0.346334483924E-10
  0.509512083322E+03  0.309359578512E-08 -0.301844118829E-10
  0.521380157623E+03  0.275898963534E-08 -0.263068965119E-10
  0.533524675198E+03  0.246057453949E-08 -0.229274859704E-10
  0.545952075242E+03  0.219443611327E-08 -0.199821946360E-10
  0.558668946944E+03  0.195708333952E-08 -0.174152561961E-10
  0.571682032972E+03  0.174540277978E-08 -0.151780678649E-10
  0.584998233051E+03  0.155661773758E-08 -0.132282702102E-10
  0.598624607623E+03  0.138825183832E-08 -0.115289451743E-10
  0.612568381588E+03  0.123809654783E-08 -0.100479171068E-10
  0.626836948136E+03  0.110418220393E-08 -0.875714357937E-11
  0.641437872666E+03  0.984752180893E-09 -0.763218445119E-11
  0.656378896798E+03  0.878239848124E-09 -0.665173913284E-11
  0.671667942480E+03  0.783248020814E-09 -0.579724329034E-11
  0.687313116183E+03  0.698530633095E-09 -0.505251735355E-11
  0.703322713205E+03  0.622976393327E-09 -0.440346017521E-11
  0.719705222063E+03  0.555594207144E-09 -0.383778204082E-11
  0.736469329001E+03  0.495500177091E-09 -0.334477197491E-11
  0.753623922589E+03  0.441906008321E-09 -0.291509493817E-11
  0.771178098440E+03  0.394108668307E-09 -0.254061507598E-11
  0.789141164031E+03  0.351481164918E-09 -0.221424167182E-11
  0.807522643638E+03  0.313464321923E-09 -0.192979488923E-11
  0.826332283387E+03  0.279559444038E-09 -0.168188876020E-11
  0.845580056420E+03  0.249321775311E-09 -0.146582920476E-11
  0.865276168183E+03  0.222354665031E-09 -0.127752515073E-11
  0.885431061839E+03  0.198304364656E-09 -0.111341107105E-11
  0.906055423802E+03  0.176855387496E-09 -0.970379471843E-12
  0.927160189407E+03  0.157726370287E-09 -0.845722053060E-12
  0.948756548704E+03  0.140666382377E-09 -0.737078427632E-12
  0.970855952394E+03  0.125451634116E-09 -0.642391428144E-12
  0.993470117899E+03  0.111882541256E-09 -0.559868154840E-12
  0.101661103558E+04  0.997811068714E-10 -0.487946027418E-12
  0.104029097507E+04  0.889885864547E-10 -0.425263197839E-12
  0.106452249184E+04  0.793634055488E-10 -0.370632763928E-12
  0.108931843376E+04  0.707793026155E-10 -0.323020295527E-12
  0.111469194802E+04  0.631236727698E-10 -0.281524247659E-12
  0.114065648801E+04  0.562960906581E-10 -0.245358889847E-12
  0.116722582051E+04  0.502069931030E-10 -0.213839428357E-12
  0.119441403295E+04  0.447765042344E-10 -0.186369039655E-12
  0.122223554093E+04  0.399333876959E-10 -0.162427569576E-12
  0.125070509580E+04  0.356141121814E-10 -0.141561684207E-12
  0.127983779254E+04  0.317620180452E-10 -0.123376286013E-12
  0.130964907771E+04  0.283265740513E-10 -0.107527032664E-12
  0.134015475770E+04  0.252627145150E-10 -0.937138168978E-13
  0.137137100705E+04  0.225302481394E-10 -0.816750839883E-13
  0.140331437707E+04  0.200933307935E-10 -0.711828791906E-13
  0.143600180459E+04  0.179199953148E-10 -0.620385314085E-13
  0.146945062096E+04  0.159817321697E-10 -0.540688913459E-13
  0.150367856123E+04  0.142531154702E-10 -0.471230529133E-13
  0.153870377354E+04  0.127114694411E-10 -0.410694958107E-13
  0.157454482875E+04  0.113365709631E-10 -0.357935951801E-13
  0.161122073033E+04  0.101103842885E-10 -0.311954511745E-13
  0.164875092435E+04  0.901682445115E-11 -0.271879973457E-13
  0.168715530987E+04  0.804154626665E-11 -0.236953520324E-13
  0.172645424945E+04  0.717175615376E-11 -0.206513815340E-13
  0.176666857995E+04  0.639604431029E-11 -0.179984478621E-13
  0.180781962358E+04  0.570423504087E-11 -0.156863173590E-13
  0.184992919923E+04  0.508725327355E-11 -0.136712095180E-13
  0.189301963400E+04  0.453700551425E-11 -0.119149679946E-13
  0.193711377505E+04  0.404627367737E-11 -0.103843381117E-13
  0.198223500175E+04  0.360862039994E-11 -0.905033717821E-14
  0.202840723800E+04  0.321830459706E-11 -0.788770569845E-14
  0.207565496500E+04  0.287020615116E-11 -0.687442908044E-14
  0.212400323416E+04  0.255975874687E-11 -0.599132078681E-14
  0.217347768045E+04  0.228288997074E-11 -0.522165903531E-14
  0.222410453593E+04  0.203596788980E-11 -0.455087016967E-14
  0.227591064368E+04  0.181575340828E-11 -0.396625270552E-14
  0.232892347204E+04  0.161935777762E-11 -0.345673682609E-14
  0.238317112919E+04  0.144420470215E-11 -0.301267477375E-14
  0.243868237801E+04  0.128799654358E-11 -0.262565816840E-14
  0.249548665137E+04  0.114868418088E-11 -0.228835879366E-14
  0.255361406771E+04  0.102444013009E-11 -0.199438983605E-14
  0.261309544703E+04  0.913634571691E-12 -0.173818494982E-14
  0.267396232720E+04  0.814813970739E-12 -0.151489285740E-14
  0.273624698073E+04  0.726682009613E-12 -0.132028548976E-14
  0.279998243184E+04  0.648082583060E-12 -0.115067792736E-14
  0.286520247398E+04  0.577984632537E-12 -0.100285862563E-14
  0.293194168776E+04  0.515468620906E-12 -0.874028603919E-15
  0.300023545927E+04  0.459714470051E-12 -0.761748446419E-15
  0.307011999885E+04  0.409990803189E-12 -0.663892111453E-15
  0.314163236029E+04  0.365645350750E-12 -0.578606674565E-15
  0.321481046048E+04  0.326096393982E-12 -0.504277243131E-15
  0.328969309950E+04  0.290825134028E-12 -0.439496378129E-15
  0.336631998120E+04  0.259368886382E-12 -0.383037444070E-15
  0.344473173426E+04  0.231315011446E-12 -0.333831382477E-15
  0.352496993373E+04  0.206295501570E-12 -0.290946469106E-15
  0.360707712305E+04  0.183982153569E-12 -0.253570671604E-15
  0.369109683663E+04  0.164082263390E-12 -0.220996273559E-15
  0.377707362295E+04  0.146334786455E-12 -0.192606473784E-15
  0.386505306812E+04  0.130506913303E-12 -0.167863707092E-15
  0.395508182013E+04  0.116391015626E-12 -0.146299465422E-15
  0.404720761350E+04  0.103801922622E-12 -0.127505426565E-15
  0.414147929468E+04  0.925744919430E-13 -0.111125722522E-15
  0.423794684785E+04  0.825614433796E-13 -0.968502010945E-16
  0.433666142150E+04  0.736314268533E-13 -0.844085530982E-16
  0.443767535553E+04  0.656672993810E-13 -0.735651940236E-16
  0.454104220898E+04  0.585645884066E-13 -0.641148032053E-16
  0.464681678844E+04  0.522301213415E-13 -0.558784360444E-16
  0.475505517712E+04  0.465808033364E-13 -0.487001356653E-16
  0.486581476458E+04  0.415425272525E-13 -0.424439798488E-16
  0.497915427713E+04  0.370492015325E-13 -0.369915073239E-16
  0.509513380903E+04  0.330418832182E-13 -0.322394746860E-16
  0.521381485430E+04  0.294680047436E-13 -0.280979014667E-16
  0.533526033932E+04  0.262806843593E-13 -0.244883663404E-16
  0.545953465626E+04  0.234381111428E-13 -0.213425222044E-16
  0.558670369714E+04  0.209029965275E-13 -0.186008020161E-16
  0.571683488883E+04  0.186420851549E-13 -0.162112908817E-16
  0.584999722875E+04  0.166257186353E-13 -0.141287430401E-16
  0.598626132149E+04  0.148274464913E-13 -0.123137251272E-16
  0.612569941625E+04  0.132236791842E-13 -0.107318694993E-16
  0.626838544510E+04  0.117933786683E-13 -0.935322347619E-17
  0.641439506224E+04  0.105177824166E-13 -0.815168218309E-17
  0.656380568407E+04  0.938015729574E-14 -0.710449425037E-17
  0.671669653026E+04  0.836558006273E-14 -0.619183101306E-17
  0.687314866573E+04  0.746074160338E-14 -0.539641105201E-17
  0.703324504366E+04  0.665377234483E-14 -0.470317296757E-17
  0.719707054946E+04  0.593408655178E-14 -0.409899018964E-17
  0.736471204577E+04  0.529224346395E-14 -0.357242242410E-17
  0.753625841853E+04  0.471982345324E-14 -0.311349902904E-17
  0.771180062410E+04  0.420931757594E-14 -0.271353021914E-17
  0.789143173748E+04  0.375402907121E-14 -0.236494252323E-17
  0.807524700167E+04  0.334798551376E-14 -0.206113537946E-17
  0.826334387819E+04  0.298586046813E-14 -0.179635615265E-17
  0.845582209871E+04  0.266290361719E-14 -0.156559120725E-17
  0.865278371794E+04  0.237487844792E-14 -0.136447097336E-17
  0.885433316778E+04  0.211800667730E-14 -0.118918720829E-17
  0.906057731266E+04  0.188891868925E-14 -0.103642088686E-17
  0.927162550618E+04  0.168460933233E-14 -0.903279355167E-18
  0.948758964915E+04  0.150239849849E-14 -0.787241557741E-18
  0.970858424886E+04  0.133989596573E-14 -0.686110300948E-18
  0.993472647983E+04  0.119497004339E-14 -0.597970648810E-18
  0.101661362459E+05  0.106571960891E-14 -0.521153663389E-18
  0.104029362440E+05  0.950449169059E-15 -0.454204803189E-18
  0.106452520287E+05  0.847646618675E-15 -0.395856381194E-18
  0.108932120795E+05  0.755963405019E-15 -0.345003561009E-18
  0.111469478682E+05  0.674196837605E-15 -0.300683436622E-18
  0.114065939294E+05  0.601274311444E-15 -0.262056799624E-18
  0.116722879310E+05  0.536239236721E-15 -0.228392248668E-18
  0.119441707478E+05  0.478238490356E-15 -0.199052340277E-18
  0.122223865361E+05  0.426511224828E-15 -0.173481518748E-18
  0.125070828099E+05  0.380378887459E-15 -0.151195596618E-18
  0.127984105192E+05  0.339236319235E-15 -0.131772586505E-18
  0.130965241301E+05  0.302543816391E-15 -0.114844710708E-18
  0.134015817069E+05  0.269820050642E-15 -0.100091437280E-18
  0.137137449954E+05  0.240635755164E-15 -0.872334107063E-19
  0.140331795091E+05  0.214608093524E-15 -0.760271622641E-19
  0.143600546168E+05  0.191395637669E-15 -0.662604999054E-19
  0.146945436323E+05  0.170693889111E-15 -0.577484903672E-19
  0.150368239067E+05  0.152231284550E-15 -0.503299574318E-19
  0.153870769217E+05  0.135765633534E-15 -0.438644300300E-19
  0.157454883867E+05  0.121080941432E-15 -0.382294824001E-19
  0.161122483365E+05  0.107984576040E-15 -0.333184159367E-19
  0.164875512325E+05  0.963047406515E-16 -0.290382388362E-19
  0.168715960657E+05  0.858882204477E-16 -0.253079052828E-19
  0.172645864623E+05  0.765983726421E-16 -0.220567808333E-19
  0.176667307915E+05  0.683133340148E-16 -0.192233049432E-19
  0.180782422758E+05  0.609244223241E-16 -0.167538253080E-19
  0.184993391047E+05  0.543347106247E-16 -0.146015819484E-19
  0.189302445498E+05  0.484577557904E-16 -0.127258218033E-19
  0.193711870833E+05  0.432164645626E-16 -0.110910270642E-19
  0.198224004993E+05  0.385420822491E-16 -0.966624263941E-20
  0.202841240377E+05  0.343732908077E-16 -0.842449001548E-20
  0.207566025109E+05  0.306554044825E-16 -0.734225641420E-20
  0.212400864339E+05  0.273396524423E-16 -0.639904957480E-20
  0.217348321568E+05  0.243825390100E-16 -0.557700972978E-20
  0.222411020009E+05  0.217452730911E-16 -0.486057142742E-20
  0.227591643977E+05  0.193932593160E-16 -0.423616879754E-20
  0.232892940314E+05  0.172956442221E-16 -0.369197867970E-20
  0.238317719845E+05  0.154249115212E-16 -0.321769674976E-20
  0.243868858864E+05  0.137565211437E-16 -0.280434240595E-20
  0.249549300666E+05  0.122685873250E-16 -0.244408871979E-20
  0.255362057104E+05  0.109415915097E-16 -0.213011423195E-20
  0.261310210183E+05  0.975812631023E-17 -0.185647378690E-20
  0.267396913702E+05  0.870266715785E-17 -0.161798596043E-20
  0.273625394917E+05  0.776136865340E-17 -0.141013494865E-20
  0.279998956260E+05  0.692188294476E-17 -0.122898506045E-20
  0.286520977083E+05  0.617319774906E-17 -0.107110619466E-20
  0.293194915458E+05  0.550549189477E-17 -0.933508890514E-21
  0.300024310001E+05  0.491000648860E-17 -0.813587721748E-21
  0.307012781756E+05  0.437893001731E-17 -0.709071962468E-21
  0.314164036113E+05  0.390529587710E-17 -0.617982590587E-21
  0.321481864768E+05  0.348289098647E-17 -0.538594814748E-21
  0.328970147740E+05  0.310617428367E-17 -0.469405415121E-21
  0.336632855425E+05  0.277020403970E-17 -0.409104279713E-21
  0.344474050701E+05  0.247057303316E-17 -0.356549597188E-21
  0.352497891082E+05  0.220335073688E-17 -0.310746236494E-21
  0.360708630924E+05  0.196503175763E-17 -0.270826903905E-21
  0.369110623680E+05  0.175248985278E-17 -0.236035720678E-21
  0.377708324207E+05  0.156293692056E-17 -0.205713910370E-21
  0.386506291131E+05  0.139388642609E-17 -0.179287324809E-21
  0.395509189259E+05  0.124312078324E-17 -0.156255572504E-21
  0.404721792058E+05  0.110866226458E-17 -0.136182543661E-21
  0.414148984184E+05  0.988747057793E-18 -0.118688152370E-21
  0.423795764068E+05  0.881802128134E-18 -0.103441139622E-21
  0.433667246574E+05  0.786424583571E-18 -0.901528008700E-22
  0.443768665702E+05  0.701363271772E-18 -0.785715193629E-22
  0.454105377371E+05  0.625502367635E-18 -0.684780017415E-22
  0.464682862255E+05  0.557846736013E-18 -0.596811256869E-22
  0.475506728689E+05  0.497508877634E-18 -0.520143209887E-22
  0.486582715641E+05  0.443697286989E-18 -0.453324155129E-22
  0.497916695761E+05  0.395706069442E-18 -0.395088863445E-22
  0.509514678488E+05  0.352905681384E-18 -0.344334640571E-22
  0.521382813239E+05  0.314734671947E-18 -0.300100447436E-22
  0.533527392670E+05  0.280692317950E-18 -0.261548702744E-22
  0.545954856013E+05  0.250332055470E-18 -0.227949423240E-22
  0.558671792488E+05  0.223255621862E-18 -0.198666401363E-22
  0.571684944797E+05  0.199107831393E-18 -0.173145158560E-22
  0.585001212701E+05  0.177571915957E-18 -0.150902446146E-22
  0.598627656678E+05  0.158365369739E-18 -0.131517094917E-22
  0.612571501665E+05  0.141236243341E-18 -0.114622040247E-22
  0.626840140888E+05  0.125959838732E-18 -0.998973716581E-23
  0.641441139787E+05  0.112335761686E-18 -0.870642752711E-23
  0.656382240021E+05  0.100185293031E-18 -0.758797544186E-23
  0.671671363576E+05  0.893490442323E-19 -0.661320284662E-23
  0.687316616967E+05  0.796848665477E-19 -0.576365227137E-23
  0.703326295532E+05  0.710659863380E-19 -0.502323734440E-23
  0.719708887834E+05  0.633793420632E-19 -0.437793819441E-23
  0.736473080158E+05  0.565241011538E-19 -0.381553598208E-23
  0.753627761122E+05  0.504103372998E-19 -0.332538153442E-23
  0.771182026384E+05  0.449578508071E-19 -0.289819370107E-23
  0.789145183469E+05  0.400951165466E-19 -0.252588361425E-23
  0.807526756702E+05  0.357583456955E-19 -0.220140152481E-23
  0.826336492256E+05  0.318906489621E-19 -0.191860331414E-23
  0.845584363326E+05  0.284412903181E-19 -0.167213415433E-23
  0.865280575410E+05  0.253650214494E-19 -0.145732711367E-23
  0.885435571724E+05  0.226214881931E-19 -0.127011478759E-23
  0.906060038735E+05  0.201747011763E-19 -0.110695228169E-23
  0.927164911836E+05  0.179925637110E-19 -0.964750088661E-24
  0.948761381132E+05  0.160464507536E-19 -0.840815587960E-24
  0.970860897384E+05  0.143108334045E-19 -0.732802060622E-24
  0.993475178074E+05  0.127629440227E-19 -0.638664253781E-24
  0.101661621362E+06  0.113824775624E-19 -0.556619653486E-24
  0.104029627373E+06  0.101513252138E-19 -0.485114732526E-24
  0.106452791391E+06  0.905333685308E-20 -0.422795534150E-24
  0.108932398214E+06  0.807410918767E-20 -0.368482034685E-24
  0.111469762563E+06  0.720079681473E-20 -0.321145799609E-24
  0.114066229787E+06  0.642194371687E-20 -0.279890509980E-24
  0.116723176569E+06  0.572733298324E-20 -0.243934990500E-24
  0.119442011662E+06  0.510785278525E-20 -0.212598417840E-24
  0.122224176630E+06  0.455537684854E-20 -0.185287429145E-24
  0.125071146618E+06  0.406265785345E-20 -0.161484886613E-24
  0.127984431131E+06  0.362323236539E-20 -0.140740085417E-24
  0.130965574832E+06  0.323133604826E-20 -0.122660219532E-24
  0.134016158369E+06  0.288182804849E-20 -0.106902943899E-24
  0.137137799204E+06  0.257012355789E-20 -0.931698920637E-25
  0.140332152476E+06  0.229213367059E-20 -0.812010265623E-25
  0.143600911877E+06  0.204421174528E-20 -0.707697150735E-25
  0.146945810551E+06  0.182310556891E-20 -0.616784390988E-25
  0.150368622012E+06  0.162591469454E-20 -0.537550539198E-25
  0.153871161082E+06  0.145005239356E-20 -0.468495290111E-25
  0.157455284859E+06  0.129321172330E-20 -0.408311071893E-25
  0.161122893698E+06  0.115333526479E-20 -0.355858287050E-25
  0.164875932216E+06  0.102858813375E-20 -0.310143733980E-25
  0.168716390329E+06  0.917333910773E-21 -0.270301800541E-25
  0.172646304303E+06  0.818113174989E-21 -0.235578073554E-25
  0.176667757836E+06  0.729624359494E-21 -0.205315053870E-25
  0.180782883159E+06  0.650706677563E-21 -0.178939706526E-25
  0.184993862172E+06  0.580324895565E-21 -0.155952610235E-25
  0.189302927597E+06  0.517555752883E-21 -0.135918500770E-25
  0.193712364162E+06  0.461575850682E-21 -0.118458029164E-25
  0.198224509813E+06  0.411650850650E-21 -0.103240578685E-25
  0.202841756956E+06  0.367125842026E-21 -0.899780045507E-26
  0.207566553721E+06  0.327416750556E-21 -0.784191778664E-26
  0.212401405263E+06  0.292002676665E-21 -0.683452304588E-26
  0.217348875092E+06  0.260419062357E-21 -0.595654105738E-26
  0.222411586426E+06  0.232251597189E-21 -0.519134709621E-26
  0.227592223588E+06  0.207130783394E-21 -0.452445209623E-26
  0.232893533426E+06  0.184727088849E-21 -0.394322829734E-26
  0.238318326772E+06  0.164746624310E-21 -0.343667013689E-26
  0.243869479928E+06  0.146927288199E-21 -0.299518585769E-26
  0.249549936197E+06  0.131035328389E-21 -0.261041588652E-26
  0.255362707438E+06  0.116862275868E-21 -0.227507454441E-26
  0.261310875666E+06  0.104222210064E-21 -0.198281209112E-26
  0.267397594685E+06  0.929493199564E-22 -0.172809449182E-26
  0.273626091763E+06  0.828957289919E-22 -0.150609862933E-26
  0.279999669337E+06  0.739295552493E-22 -0.131262097762E-26
  0.286521706770E+06  0.659331814295E-22 -0.114399800739E-26
  0.293195662141E+06  0.588017119643E-22 -0.997036816593E-27
  0.300025074077E+06  0.524415970072E-22 -0.868954672313E-27
  0.307013563630E+06  0.467694052571E-22 -0.757326319318E-27
  0.314164836199E+06  0.417107295150E-22 -0.660038057456E-27
  0.321482683490E+06  0.371992106187E-22 -0.575247718425E-27
  0.328970985533E+06  0.331756669506E-22 -0.501349784024E-27
  0.336633712733E+06  0.295873180993E-22 -0.436944985421E-27
  0.344474927978E+06  0.263870924920E-22 -0.380813807782E-27
  0.352498788793E+06  0.235330099147E-22 -0.331893398565E-27
  0.360709549546E+06  0.209876308204E-22 -0.289257442246E-27
  0.369111563699E+06  0.187175652009E-22 -0.252098620389E-27
  0.377709286122E+06  0.166930345807E-22 -0.219713324950E-27
  0.386507275452E+06  0.148874813856E-22 -0.191488335342E-27
  0.395510196508E+06  0.132772205637E-22 -0.166889207018E-27
  0.404722822769E+06  0.118411288876E-22 -0.145450151673E-27
  0.414150038903E+06  0.105603678616E-22 -0.126765217474E-27
  0.423796843355E+06  0.941813660086E-23 -0.110480602298E-27
  0.433668351000E+06  0.839945143912E-23 -0.962879544357E-28
  0.443769795854E+06  0.749094937439E-23 -0.839185339015E-28
  0.454106533848E+06  0.668071277469E-23 -0.731381238022E-28
  0.464684045670E+06  0.595811304378E-23 -0.637425954031E-28
  0.475507939668E+06  0.531367119643E-23 -0.555540429190E-28
  0.486583954828E+06  0.473893351407E-23 -0.484174148406E-28
  0.497917963812E+06  0.422636064983E-23 -0.421975780100E-28
  0.509515976076E+06  0.376922872824E-23 -0.367767588537E-28
  0.521384141052E+06  0.336154114211E-23 -0.320523133214E-28
  0.533528751412E+06  0.299794988970E-23 -0.279347833054E-28
  0.545956246404E+06  0.267368542023E-23 -0.243462027373E-28
  0.558673215265E+06  0.238449406740E-23 -0.212186212881E-28
  0.571686400715E+06  0.212658225027E-23 -0.184928177190E-28
  0.585002702532E+06  0.189656670947E-23 -0.161171785171E-28
  0.598629181212E+06  0.169143012598E-23 -0.140467205863E-28
  0.612573061709E+06  0.150848154023E-23 -0.122422394850E-28
  0.626841737271E+06  0.134532105245E-23 -0.106695670842E-28
  0.641442773354E+06  0.119980834097E-23 -0.929892458842E-29
  0.656383911638E+06  0.107003458575E-23 -0.810435866972E-29
  0.671673074131E+06  0.954297428681E-24 -0.706325003746E-29
  0.687318367366E+06  0.851078642239E-24 -0.615588513846E-29
  0.703328086703E+06  0.759024213527E-24 -0.536508287784E-29
  0.719710720726E+06  0.676926582489E-24 -0.467586929234E-29
  0.736474955745E+06  0.603708801266E-24 -0.407519401599E-29
  0.753629680396E+06  0.538410406910E-24 -0.355168316941E-29
  0.771183990364E+06  0.480174822135E-24 -0.309542399365E-29
  0.789147193196E+06  0.428238118827E-24 -0.269777715056E-29
  0.807528813241E+06  0.381918996921E-24 -0.235121313558E-29
  0.826338596699E+06  0.340609847178E-24 -0.204916970544E-29
  0.845586516788E+06  0.303768780631E-24 -0.178592762099E-29
  0.865282779032E+06  0.270912520147E-24 -0.155650235262E-29
  0.885437826674E+06  0.241610060850E-24 -0.135654969733E-29
  0.906062346211E+06  0.215477016242E-24 -0.118228352063E-29
  0.927167273059E+06  0.192170575865E-24 -0.103040406548E-29
  0.948763797356E+06  0.171385008353E-24 -0.898035470871E-30
  0.970863369889E+06  0.152847650874E-24 -0.782671316975E-30
  0.993477708171E+06  0.136315332375E-24 -0.682127165669E-30
  0.101661880265E+07  0.121571183687E-24 -0.594499197878E-30
  0.104029892306E+07  0.108421792659E-24 -0.518128164462E-30
  0.106453062496E+07  0.966946670005E-25 -0.451567968076E-30
  0.108932675633E+07  0.862359715422E-25 -0.393558281094E-30
  0.111470046445E+07  0.769085102469E-25 -0.343000681111E-30
  0.114066520281E+07  0.685899264845E-25 -0.298937852141E-30
  0.116723473830E+07  0.611710979714E-25 -0.260535457694E-30
  0.119442315847E+07  0.545547053163E-25 -0.227066342484E-30
  0.122224487900E+07  0.486539553947E-25 -0.197896763633E-30
  0.125071465139E+07  0.433914428064E-25 -0.172474390647E-30
  0.127984757070E+07  0.386981344794E-25 -0.150317846957E-30
  0.130965908364E+07  0.345124641019E-25 -0.131007594977E-30
  0.134016499670E+07  0.307795245019E-25 -0.114177992095E-30
  0.137138148454E+07  0.274503473808E-25 -0.995103671750E-31
  0.140332509862E+07  0.244812609525E-25 -0.867269864675E-31
  0.143601277588E+07  0.218333170619E-25 -0.755857946791E-31
  0.146946184780E+07  0.194717802670E-25 -0.658758316180E-31
  0.150369004958E+07  0.173656721830E-25 -0.574132376300E-31
  0.153871552948E+07  0.154873651117E-25 -0.500377721874E-31
  0.157455685853E+07  0.138122196235E-25 -0.436097797100E-31
  0.161123304031E+07  0.123182613409E-25 -0.380075451647E-31
  0.164876352107E+07  0.109858926805E-25 -0.331249893728E-31
  0.168716820001E+07  0.979763577405E-26 -0.288696603844E-31
  0.172646743984E+07  0.873790319571E-26 -0.251609828861E-31
  0.176668207758E+07  0.779279348798E-26 -0.219287324951E-31
  0.180783343562E+07  0.694990880377E-26 -0.191117060498E-31
  0.184994333299E+07  0.619819227279E-26 -0.166565627181E-31
  0.189303409697E+07  0.552778295877E-26 -0.145168139808E-31
  0.193712857491E+07  0.492988650472E-26 -0.126519433644E-31
  0.198225014634E+07  0.439665976951E-26 -0.110266392548E-31
  0.202842273535E+07  0.392110794241E-26 -0.961012626704E-32
  0.207567082333E+07  0.349699278590E-26 -0.837558250837E-32
  0.212401946189E+07  0.311875080315E-26 -0.729963170152E-32
  0.217349428617E+07  0.278142025668E-26 -0.636190055135E-32
  0.222412152845E+07  0.248057608079E-26 -0.554463297330E-32
  0.227592803200E+07  0.221227183409E-26 -0.483235387924E-32
  0.232894126539E+07  0.197298793042E-26 -0.421157615421E-32
  0.238318933700E+07  0.175958546938E-26 -0.367054527586E-32
  0.243870100994E+07  0.156926506053E-26 -0.319901674071E-32
  0.249550571729E+07  0.139953010130E-26 -0.278806208295E-32
  0.255363357774E+07  0.124815402681E-26 -0.242989981248E-32
  0.261311541150E+07  0.111315110208E-26 -0.211774807125E-32
  0.267398275671E+07  0.992750373301E-27 -0.184569621770E-32
  0.273626788610E+07  0.885372436724E-27 -0.160859290785E-32
  0.280000382416E+07  0.789608720171E-27 -0.140194855382E-32
  0.286522436459E+07  0.704203005547E-27 -0.122185031276E-32
  0.293196408826E+07  0.628034949911E-27 -0.106488799658E-32
  0.300025838155E+07  0.560105388933E-27 -0.928089499520E-33
  0.307014345506E+07  0.499523229967E-27 -0.808864520859E-33
  0.314165636287E+07  0.445493762793E-27 -0.704955517159E-33
  0.321483502215E+07  0.397308234696E-27 -0.614394955345E-33
  0.328971823328E+07  0.354334553120E-27 -0.535468057154E-33
  0.336634570043E+07  0.316008993951E-27 -0.466680329547E-33
  0.344475805257E+07  0.281828806643E-27 -0.406729266249E-33
  0.352499686507E+07  0.251345619188E-27 -0.354479684593E-33
  0.360710468170E+07  0.224159556426E-27 -0.308942230658E-33
  0.369112503721E+07  0.199913994520E-27 -0.269254645703E-33
  0.377710248040E+07  0.178290882808E-27 -0.234665439161E-33
  0.386508259775E+07  0.159006571644E-27 -0.204519659049E-33
  0.395511203759E+07  0.141808091518E-27 -0.178246490353E-33
  0.404723853482E+07  0.126469834625E-27 -0.155348446555E-33
  0.414151093624E+07  0.112790595365E-27 -0.135391949649E-33
  0.423797922644E+07  0.100590930957E-27 -0.117999120276E-33
  0.433669455429E+07  0.897108075191E-28 -0.102840622519E-33
  0.443770926008E+07  0.800075007674E-28 -0.896294278748E-34
  0.454107690327E+07  0.713537237716E-28 -0.781153803273E-34
  0.464685229087E+07  0.636359572195E-28 -0.680804596031E-34
  0.475509150651E+07  0.567529602829E-28 -0.593346529243E-34
  0.486585194018E+07  0.506144425511E-28 -0.517123570871E-34
  0.497919231867E+07  0.451398796113E-28 -0.450692427393E-34
  0.509517273667E+07  0.402574567381E-28 -0.392795214822E-34
  0.521385468868E+07  0.359031268354E-28 -0.342335640471E-34
  0.533530110157E+07  0.320197702738E-28 -0.298358244486E-34
  0.545957636798E+07  0.285564456011E-28 -0.260030308063E-34
  0.558674638046E+07  0.254677212984E-28 -0.226626085791E-34
  0.571687856636E+07  0.227130798136E-28 -0.197513063549E-34
  0.585004192366E+07  0.202563860573E-28 -0.172139981751E-34
  0.598630705749E+07  0.180654133860E-28 -0.150026397165E-34
  0.612574621757E+07  0.161114208568E-28 -0.130753585642E-34
  0.626843333657E+07  0.143687762067E-28 -0.113956613511E-34
  0.641444406925E+07  0.128146196113E-28 -0.993174275049E-35
  0.656385583260E+07  0.114285638123E-28 -0.865588323682E-35
  0.671674784690E+07  0.101924266794E-28 -0.754392421267E-35
  0.687320117769E+07  0.908999269901E-29 -0.657481056173E-35
  0.703329877878E+07  0.810680026135E-29 -0.573019196694E-35
  0.719712553624E+07  0.722995195415E-29 -0.499407544441E-35
  0.736476831335E+07  0.644794537600E-29 -0.435252251379E-35
  0.753631599676E+07  0.575052224905E-29 -0.379338527100E-35
  0.771185954349E+07  0.512853385202E-29 -0.330607636574E-35
  0.789149202928E+07  0.457382100828E-29 -0.288136852845E-35
  0.807530869786E+07  0.407910705466E-29 -0.251121985044E-35
  0.826340701147E+07  0.363790238692E-29 -0.218862150918E-35
  0.845588670255E+07  0.324441932987E-29 -0.190746505513E-35
  0.865284982660E+07  0.289349621526E-29 -0.166242674728E-35
  0.885440081631E+07  0.258052967156E-29 -0.144886674733E-35
  0.906064653692E+07  0.230141423745E-29 -0.126274126361E-35
  0.927169634289E+07  0.205248850680E-29 -0.110052598126E-35
  0.948766213586E+07  0.183048709876E-29 -0.959149328794E-36
  0.970865842400E+07  0.163249782282E-29 -0.835934317400E-36
  0.993480238274E+07  0.145592347705E-29 -0.728547851756E-36
  0.101662139169E+08  0.129844777824E-29 -0.634956552507E-36
  0.104030157241E+08  0.115800497718E-29 -0.553388253908E-36
  0.106453333601E+08  0.103275276037E-29 -0.482298447593E-36
  0.108932953053E+08  0.921048082757E-30 -0.420341037071E-36
