stress list for a=0 i=10 j=12 eqn(x below)=2
                       allparts           puuud         rhouuud           uuuud         bsquuud       pgasdelta         pbdelta           -bubd
       allterms               1              -0              -0              -0       -15.98939              -0        23.58794       -6.598553
       -DgT12Dr        86.59044              -0              -0              -0        82.37257              -0              -0        4.217878
       -DgT22Dh       -25.33532              -0              -0              -0       -36.08423              -0        23.58794       -12.83904
       gT00c0x0               0               0               0               0               0              -0              -0              -0
       gT01c1x0              -0              -0              -0              -0              -0              -0              -0               0
       gT02c2x0               0               0               0               0               0              -0              -0              -0
       gT03c3x0              -0              -0              -0              -0              -0              -0              -0              -0
       gT10c0x1               0               0               0               0               0              -0              -0              -0
       gT11c1x1              -0              -0              -0              -0              -0              -0              -0               0
       gT12c2x1               0               0               0               0               0              -0              -0              -0
       gT13c3x1              -0              -0              -0              -0              -0              -0              -0              -0
       gT20c0x2              -0              -0              -0              -0              -0              -0              -0               0
       gT21c1x2               0               0               0               0               0              -0              -0              -0
       gT22c2x2        53.67649               0               0               0        49.80249               0        5.491446       -1.617446
       gT23c3x2               0               0               0               0               0              -0              -0               0
       gT30c0x3               0               0               0               0               0              -0              -0               0
       gT31c1x3              -0              -0              -0              -0              -0              -0              -0              -0
       gT32c2x3               0               0               0               0               0              -0              -0               0
       gT33c3x3              -0              -0              -0              -0              -0              -0              -0               0
            ck0               0               0               0               0               0              -0              -0              -0
            ck1       -60.25512              -0              -0              -0       -62.27773               0               0        2.022607
            ck2       -53.67649              -0              -0              -0       -49.80249              -0       -5.491446        1.617446
            ck3               0               0               0               0               0              -0              -0               0
           1           0           0           0           1           0           1           1           1
average stress between i=9 to 11 and j=10 to 13
                       allparts           puuud         rhouuud           uuuud         bsquuud       pgasdelta         pbdelta           -bubd
       allterms               1              -0              -0              -0       -14.16981              -0        20.86191       -5.692103
       -DgT12Dr        81.24274              -0              -0              -0        77.60795              -0              -0        3.634794
       -DgT22Dh       -22.42758              -0              -0              -0       -32.21311              -0        20.86191       -11.07639
       gT00c0x0              -0              -0              -0              -0              -0              -0              -0              -0
       gT01c1x0              -0              -0              -0              -0              -0              -0              -0              -0
       gT02c2x0              -0              -0              -0              -0              -0              -0              -0              -0
       gT03c3x0              -0              -0              -0              -0              -0              -0              -0              -0
       gT10c0x1              -0              -0              -0              -0              -0              -0              -0              -0
       gT11c1x1              -0              -0              -0              -0              -0              -0              -0              -0
       gT12c2x1              -0              -0              -0              -0              -0              -0              -0              -0
       gT13c3x1              -0              -0              -0              -0              -0              -0              -0              -0
       gT20c0x2              -0              -0              -0              -0              -0              -0              -0              -0
       gT21c1x2              -0              -0              -0              -0              -0              -0              -0              -0
       gT22c2x2        51.98817              -0              -0              -0         48.4915              -0        4.901717       -1.405046
       gT23c3x2              -0              -0              -0              -0              -0              -0              -0              -0
       gT30c0x3              -0              -0              -0              -0              -0              -0              -0              -0
       gT31c1x3              -0              -0              -0              -0              -0              -0              -0              -0
       gT32c2x3              -0              -0              -0              -0              -0              -0              -0              -0
       gT33c3x3              -0              -0              -0              -0              -0              -0              -0              -0
            ck0              -0              -0              -0              -0              -0              -0              -0              -0
            ck1       -57.81516              -0              -0              -0       -59.56465              -0              -0        1.749488
            ck2       -51.98817              -0              -0              -0        -48.4915              -0       -4.901717        1.405046
            ck3              -0              -0              -0              -0              -0              -0              -0              -0
           1           0           0           0           1           0           1           1           1
