
  0.750000E+00  0.500000E-02  0.372364E-01  0.683064E+01
  0.000000E+00  0.100000E+01 -0.107896E+01
  0.577115E-01  0.939311E+00 -0.102395E+01
  0.175235E+00  0.825716E+00 -0.908860E+00
  0.305817E+00  0.715341E+00 -0.782557E+00
  0.450907E+00  0.611405E+00 -0.652534E+00
  0.612119E+00  0.516586E+00 -0.527526E+00
  0.791244E+00  0.432572E+00 -0.415083E+00
  0.990271E+00  0.359916E+00 -0.319746E+00
  0.121141E+01  0.298208E+00 -0.242697E+00
  0.145712E+01  0.246409E+00 -0.182612E+00
  0.173014E+01  0.203198E+00 -0.136881E+00
  0.203349E+01  0.167222E+00 -0.102589E+00
  0.237054E+01  0.137233E+00 -0.770678E-01
  0.274505E+01  0.112158E+00 -0.581120E-01
  0.316116E+01  0.911065E-01 -0.440014E-01
  0.362351E+01  0.733634E-01 -0.334375E-01
  0.413724E+01  0.583651E-01 -0.254579E-01
  0.470804E+01  0.456812E-01 -0.193560E-01
  0.534227E+01  0.349952E-01 -0.146173E-01
  0.604696E+01  0.260865E-01 -0.108741E-01
  0.683064E+01  0.188030E-01 -0.787612E-02
  0.699045E+01  0.175849E-01 -0.737352E-02
  0.715328E+01  0.164239E-01 -0.689284E-02
  0.731990E+01  0.153142E-01 -0.643158E-02
  0.749040E+01  0.142557E-01 -0.598947E-02
  0.766487E+01  0.132480E-01 -0.556635E-02
  0.784341E+01  0.122908E-01 -0.516209E-02
  0.802611E+01  0.113833E-01 -0.477662E-02
  0.821306E+01  0.105250E-01 -0.440989E-02
  0.840437E+01  0.971506E-02 -0.406184E-02
  0.860013E+01  0.895258E-02 -0.373240E-02
  0.880046E+01  0.823646E-02 -0.342149E-02
  0.900544E+01  0.756550E-02 -0.312895E-02
  0.921521E+01  0.693836E-02 -0.285458E-02
  0.942986E+01  0.635358E-02 -0.259809E-02
  0.964951E+01  0.580957E-02 -0.235914E-02
  0.987427E+01  0.530466E-02 -0.213726E-02
  0.101043E+02  0.483710E-02 -0.193196E-02
  0.103396E+02  0.440507E-02 -0.174262E-02
  0.105805E+02  0.400671E-02 -0.156859E-02
  0.108269E+02  0.364015E-02 -0.140914E-02
  0.110791E+02  0.330349E-02 -0.126351E-02
  0.113372E+02  0.299487E-02 -0.113089E-02
  0.116013E+02  0.271245E-02 -0.101049E-02
  0.118715E+02  0.245442E-02 -0.901457E-03
  0.121480E+02  0.221905E-02 -0.802985E-03
  0.124310E+02  0.200465E-02 -0.714265E-03
  0.127205E+02  0.180963E-02 -0.634513E-03
  0.130168E+02  0.163246E-02 -0.562977E-03
  0.133200E+02  0.147169E-02 -0.498937E-03
  0.136303E+02  0.132597E-02 -0.441714E-03
  0.139478E+02  0.119401E-02 -0.390671E-03
  0.142727E+02  0.107465E-02 -0.345212E-03
  0.146051E+02  0.966758E-03 -0.304786E-03
  0.149453E+02  0.869322E-03 -0.268886E-03
  0.152934E+02  0.781392E-03 -0.237044E-03
  0.156497E+02  0.702095E-03 -0.208835E-03
  0.160142E+02  0.630630E-03 -0.183870E-03
  0.163872E+02  0.566260E-03 -0.161799E-03
  0.167689E+02  0.508312E-03 -0.142303E-03
  0.171595E+02  0.456172E-03 -0.125097E-03
  0.175592E+02  0.409279E-03 -0.109923E-03
  0.179682E+02  0.367123E-03 -0.965499E-04
  0.183868E+02  0.329240E-03 -0.847725E-04
  0.188151E+02  0.295209E-03 -0.744062E-04
  0.192533E+02  0.264648E-03 -0.652870E-04
  0.197018E+02  0.237213E-03 -0.572688E-04
  0.201607E+02  0.212589E-03 -0.502220E-04
  0.206303E+02  0.190495E-03 -0.440315E-04
  0.211108E+02  0.170676E-03 -0.385953E-04
  0.216026E+02  0.152901E-03 -0.338233E-04
  0.221058E+02  0.136962E-03 -0.296356E-04
  0.226207E+02  0.122672E-03 -0.259619E-04
  0.231476E+02  0.109863E-03 -0.227399E-04
  0.236868E+02  0.983836E-04 -0.199148E-04
  0.242385E+02  0.880967E-04 -0.174384E-04
  0.248031E+02  0.788797E-04 -0.152679E-04
  0.253808E+02  0.706225E-04 -0.133661E-04
  0.259720E+02  0.632258E-04 -0.116999E-04
  0.265770E+02  0.566006E-04 -0.102404E-04
  0.271960E+02  0.506671E-04 -0.896220E-05
  0.278295E+02  0.453535E-04 -0.784289E-05
  0.284778E+02  0.405954E-04 -0.686284E-05
  0.291411E+02  0.363350E-04 -0.600485E-05
  0.298199E+02  0.325205E-04 -0.525378E-05
  0.305145E+02  0.291056E-04 -0.459639E-05
  0.312252E+02  0.260484E-04 -0.402103E-05
  0.319526E+02  0.233116E-04 -0.351752E-05
  0.326968E+02  0.208619E-04 -0.307692E-05
  0.334584E+02  0.186691E-04 -0.269139E-05
  0.342378E+02  0.167065E-04 -0.235408E-05
  0.350353E+02  0.149498E-04 -0.205897E-05
  0.358514E+02  0.133776E-04 -0.180079E-05
  0.366865E+02  0.119706E-04 -0.157494E-05
  0.375410E+02  0.107114E-04 -0.137738E-05
  0.384154E+02  0.958444E-05 -0.120457E-05
  0.393103E+02  0.857598E-05 -0.105341E-05
  0.402259E+02  0.767352E-05 -0.921208E-06
  0.411629E+02  0.686596E-05 -0.805577E-06
  0.421217E+02  0.614331E-05 -0.704447E-06
  0.431028E+02  0.549667E-05 -0.616003E-06
  0.441068E+02  0.491806E-05 -0.538654E-06
  0.451342E+02  0.440031E-05 -0.471011E-06
  0.461855E+02  0.393704E-05 -0.411857E-06
  0.472613E+02  0.352252E-05 -0.360127E-06
  0.483622E+02  0.315162E-05 -0.314892E-06
  0.494887E+02  0.281976E-05 -0.275335E-06
  0.506414E+02  0.252283E-05 -0.240745E-06
  0.518210E+02  0.225715E-05 -0.210499E-06
  0.530281E+02  0.201944E-05 -0.184052E-06
  0.542633E+02  0.180676E-05 -0.160926E-06
  0.555272E+02  0.161647E-05 -0.140705E-06
  0.568206E+02  0.144622E-05 -0.123023E-06
  0.581442E+02  0.129390E-05 -0.107564E-06
  0.594985E+02  0.115761E-05 -0.940460E-07
  0.608844E+02  0.103568E-05 -0.822268E-07
  0.623026E+02  0.926585E-06 -0.718926E-07
  0.637538E+02  0.828981E-06 -0.628569E-07
  0.652388E+02  0.741657E-06 -0.549567E-07
  0.667584E+02  0.663530E-06 -0.480492E-07
  0.683134E+02  0.593632E-06 -0.420098E-07
  0.699047E+02  0.531097E-06 -0.367294E-07
  0.715330E+02  0.475148E-06 -0.321126E-07
  0.731992E+02  0.425092E-06 -0.280760E-07
  0.749042E+02  0.380310E-06 -0.245468E-07
  0.766489E+02  0.340244E-06 -0.214612E-07
  0.784343E+02  0.304399E-06 -0.187634E-07
  0.802613E+02  0.272330E-06 -0.164047E-07
  0.821308E+02  0.243639E-06 -0.143424E-07
  0.840439E+02  0.217971E-06 -0.125394E-07
  0.860015E+02  0.195007E-06 -0.109631E-07
  0.880048E+02  0.174462E-06 -0.958487E-08
  0.900547E+02  0.156081E-06 -0.837992E-08
  0.921523E+02  0.139637E-06 -0.732643E-08
  0.942988E+02  0.124925E-06 -0.640537E-08
  0.964953E+02  0.111763E-06 -0.560011E-08
  0.987430E+02  0.999881E-07 -0.489607E-08
  0.101043E+03  0.894535E-07 -0.428054E-08
  0.103397E+03  0.800287E-07 -0.374239E-08
  0.105805E+03  0.715969E-07 -0.327189E-08
  0.108270E+03  0.640535E-07 -0.286055E-08
  0.110791E+03  0.573047E-07 -0.250091E-08
  0.113372E+03  0.512671E-07 -0.218649E-08
  0.116013E+03  0.458655E-07 -0.191160E-08
  0.118715E+03  0.410330E-07 -0.167127E-08
  0.121480E+03  0.367097E-07 -0.146115E-08
  0.124310E+03  0.328419E-07 -0.127745E-08
  0.127206E+03  0.293816E-07 -0.111684E-08
  0.130169E+03  0.262859E-07 -0.976425E-09
  0.133201E+03  0.235163E-07 -0.853664E-09
  0.136303E+03  0.210386E-07 -0.746336E-09
  0.139478E+03  0.188219E-07 -0.652503E-09
  0.142727E+03  0.168388E-07 -0.570466E-09
  0.146052E+03  0.150646E-07 -0.498743E-09
  0.149454E+03  0.134773E-07 -0.436038E-09
  0.152935E+03  0.120573E-07 -0.381216E-09
  0.156497E+03  0.107869E-07 -0.333287E-09
  0.160142E+03  0.965033E-08 -0.291383E-09
  0.163873E+03  0.863353E-08 -0.254749E-09
  0.167690E+03  0.772387E-08 -0.222720E-09
  0.171596E+03  0.691005E-08 -0.194718E-09
  0.175593E+03  0.618197E-08 -0.170236E-09
  0.179683E+03  0.553061E-08 -0.148833E-09
  0.183868E+03  0.494788E-08 -0.130120E-09
  0.188151E+03  0.442655E-08 -0.113760E-09
  0.192534E+03  0.396015E-08 -0.994574E-10
  0.197018E+03  0.354289E-08 -0.869527E-10
  0.201607E+03  0.316959E-08 -0.760203E-10
  0.206304E+03  0.283563E-08 -0.664623E-10
  0.211109E+03  0.253685E-08 -0.581061E-10
  0.216026E+03  0.226955E-08 -0.508005E-10
  0.221058E+03  0.203042E-08 -0.444134E-10
  0.226207E+03  0.181649E-08 -0.388293E-10
  0.231476E+03  0.162509E-08 -0.339473E-10
  0.236868E+03  0.145386E-08 -0.296791E-10
  0.242386E+03  0.130068E-08 -0.259476E-10
  0.248031E+03  0.116363E-08 -0.226852E-10
  0.253809E+03  0.104102E-08 -0.198330E-10
  0.259721E+03  0.931336E-09 -0.173394E-10
  0.265771E+03  0.833205E-09 -0.151593E-10
  0.271961E+03  0.745414E-09 -0.132534E-10
  0.278296E+03  0.666873E-09 -0.115870E-10
  0.284778E+03  0.596608E-09 -0.101302E-10
  0.291412E+03  0.533746E-09 -0.885652E-11
  0.298199E+03  0.477507E-09 -0.774299E-11
  0.305145E+03  0.427194E-09 -0.676947E-11
  0.312253E+03  0.382183E-09 -0.591834E-11
  0.319526E+03  0.341914E-09 -0.517423E-11
  0.326969E+03  0.305888E-09 -0.452368E-11
  0.334585E+03  0.273658E-09 -0.395491E-11
  0.342379E+03  0.244823E-09 -0.345766E-11
  0.350354E+03  0.219027E-09 -0.302293E-11
  0.358515E+03  0.195949E-09 -0.264286E-11
  0.366866E+03  0.175303E-09 -0.231057E-11
  0.375411E+03  0.156832E-09 -0.202006E-11
  0.384155E+03  0.140307E-09 -0.176608E-11
  0.393104E+03  0.125524E-09 -0.154403E-11
  0.402260E+03  0.112298E-09 -0.134990E-11
  0.411630E+03  0.100465E-09 -0.118018E-11
  0.421218E+03  0.898798E-10 -0.103179E-11
  0.431030E+03  0.804095E-10 -0.902065E-12
  0.441069E+03  0.719371E-10 -0.788648E-12
  0.451343E+03  0.643574E-10 -0.689491E-12
  0.461856E+03  0.575763E-10 -0.602801E-12
  0.472615E+03  0.515097E-10 -0.527011E-12
  0.483623E+03  0.460824E-10 -0.460749E-12
  0.494888E+03  0.412268E-10 -0.402819E-12
  0.506416E+03  0.368829E-10 -0.352173E-12
  0.518212E+03  0.329967E-10 -0.307894E-12
  0.530282E+03  0.295200E-10 -0.269182E-12
  0.542634E+03  0.264096E-10 -0.235338E-12
  0.555274E+03  0.236269E-10 -0.205749E-12
  0.568208E+03  0.211374E-10 -0.179880E-12
  0.581443E+03  0.189103E-10 -0.157264E-12
  0.594987E+03  0.169178E-10 -0.137491E-12
  0.608846E+03  0.151352E-10 -0.120204E-12
  0.623027E+03  0.135405E-10 -0.105091E-12
  0.637540E+03  0.121138E-10 -0.918776E-13
  0.652390E+03  0.108374E-10 -0.803258E-13
  0.667586E+03  0.969550E-11 -0.702264E-13
  0.683136E+03  0.867392E-11 -0.613968E-13
  0.699048E+03  0.775999E-11 -0.536774E-13
  0.715331E+03  0.694235E-11 -0.469285E-13
  0.731994E+03  0.621086E-11 -0.410282E-13
  0.749044E+03  0.555644E-11 -0.358697E-13
  0.766491E+03  0.497098E-11 -0.313598E-13
  0.784345E+03  0.444721E-11 -0.274169E-13
  0.802615E+03  0.397863E-11 -0.239697E-13
  0.821310E+03  0.355941E-11 -0.209560E-13
  0.840441E+03  0.318437E-11 -0.183212E-13
  0.860018E+03  0.284885E-11 -0.160177E-13
  0.880050E+03  0.254868E-11 -0.140038E-13
  0.900549E+03  0.228013E-11 -0.122431E-13
  0.921526E+03  0.203988E-11 -0.107037E-13
  0.942991E+03  0.182495E-11 -0.935795E-14
  0.964956E+03  0.163266E-11 -0.818137E-14
  0.987432E+03  0.146063E-11 -0.715273E-14
  0.101043E+04  0.130673E-11 -0.625341E-14
  0.103397E+04  0.116905E-11 -0.546717E-14
  0.105805E+04  0.104587E-11 -0.477978E-14
  0.108270E+04  0.935670E-12 -0.417881E-14
  0.110792E+04  0.837082E-12 -0.365341E-14
  0.113372E+04  0.748882E-12 -0.319406E-14
  0.116013E+04  0.669975E-12 -0.279247E-14
  0.118716E+04  0.599382E-12 -0.244137E-14
  0.121481E+04  0.536228E-12 -0.213442E-14
  0.124310E+04  0.479728E-12 -0.186606E-14
  0.127206E+04  0.429181E-12 -0.163144E-14
  0.130169E+04  0.383959E-12 -0.142632E-14
  0.133201E+04  0.343503E-12 -0.124698E-14
  0.136304E+04  0.307310E-12 -0.109020E-14
  0.139479E+04  0.274930E-12 -0.953129E-15
  0.142727E+04  0.245961E-12 -0.833292E-15
  0.146052E+04  0.220045E-12 -0.728521E-15
  0.149454E+04  0.196860E-12 -0.636924E-15
  0.152935E+04  0.176118E-12 -0.556843E-15
  0.156498E+04  0.157561E-12 -0.486831E-15
  0.160143E+04  0.140959E-12 -0.425622E-15
  0.163873E+04  0.126107E-12 -0.372108E-15
  0.167690E+04  0.112819E-12 -0.325323E-15
  0.171596E+04  0.100932E-12 -0.284420E-15
  0.175593E+04  0.902973E-13 -0.248659E-15
  0.179683E+04  0.807830E-13 -0.217395E-15
  0.183869E+04  0.722712E-13 -0.190062E-15
  0.188152E+04  0.646563E-13 -0.166166E-15
  0.192534E+04  0.578437E-13 -0.145273E-15
  0.197019E+04  0.517489E-13 -0.127008E-15
  0.201608E+04  0.462964E-13 -0.111039E-15
  0.206304E+04  0.414183E-13 -0.970783E-16
  0.211109E+04  0.370542E-13 -0.848726E-16
  0.216027E+04  0.331499E-13 -0.742015E-16
  0.221059E+04  0.296571E-13 -0.648721E-16
  0.226208E+04  0.265322E-13 -0.567157E-16
  0.231477E+04  0.237366E-13 -0.495848E-16
  0.236869E+04  0.212356E-13 -0.433505E-16
  0.242386E+04  0.189981E-13 -0.379000E-16
  0.248032E+04  0.169963E-13 -0.331348E-16
  0.253809E+04  0.152055E-13 -0.289688E-16
  0.259721E+04  0.136033E-13 -0.253265E-16
  0.265771E+04  0.121700E-13 -0.221422E-16
  0.271962E+04  0.108877E-13 -0.193583E-16
  0.278297E+04  0.974051E-14 -0.169243E-16
  0.284779E+04  0.871419E-14 -0.147964E-16
  0.291412E+04  0.779601E-14 -0.129361E-16
  0.298200E+04  0.697457E-14 -0.113096E-16
  0.305146E+04  0.623969E-14 -0.988764E-17
  0.312254E+04  0.558224E-14 -0.864447E-17
  0.319527E+04  0.499406E-14 -0.755759E-17
  0.326970E+04  0.446785E-14 -0.660737E-17
  0.334586E+04  0.399709E-14 -0.577662E-17
  0.342380E+04  0.357593E-14 -0.505033E-17
  0.350355E+04  0.319915E-14 -0.441535E-17
  0.358516E+04  0.286207E-14 -0.386020E-17
  0.366866E+04  0.256050E-14 -0.337486E-17
  0.375412E+04  0.229071E-14 -0.295053E-17
  0.384156E+04  0.204935E-14 -0.257956E-17
  0.393105E+04  0.183342E-14 -0.225523E-17
  0.402261E+04  0.164024E-14 -0.197168E-17
  0.411631E+04  0.146741E-14 -0.172378E-17
  0.421219E+04  0.131280E-14 -0.150705E-17
  0.431031E+04  0.117447E-14 -0.131757E-17
  0.441071E+04  0.105072E-14 -0.115191E-17
  0.451344E+04  0.940012E-15 -0.100708E-17
  0.461858E+04  0.840967E-15 -0.880458E-18
  0.472616E+04  0.752357E-15 -0.769757E-18
  0.483624E+04  0.673084E-15 -0.672975E-18
  0.494889E+04  0.602164E-15 -0.588362E-18
  0.506417E+04  0.538716E-15 -0.514387E-18
  0.518213E+04  0.481954E-15 -0.449713E-18
  0.530284E+04  0.431172E-15 -0.393170E-18
  0.542636E+04  0.385741E-15 -0.343737E-18
  0.555275E+04  0.345097E-15 -0.300518E-18
  0.568209E+04  0.308736E-15 -0.262734E-18
  0.581444E+04  0.276205E-15 -0.229700E-18
  0.594988E+04  0.247103E-15 -0.200820E-18
  0.608847E+04  0.221066E-15 -0.175571E-18
  0.623029E+04  0.197774E-15 -0.153496E-18
  0.637541E+04  0.176935E-15 -0.134197E-18
  0.652392E+04  0.158292E-15 -0.117324E-18
  0.667588E+04  0.141613E-15 -0.102573E-18
  0.683138E+04  0.126692E-15 -0.896766E-19
  0.699050E+04  0.113343E-15 -0.784015E-19
  0.715333E+04  0.101401E-15 -0.685440E-19
  0.731995E+04  0.907163E-16 -0.599260E-19
  0.749046E+04  0.811579E-16 -0.523914E-19
  0.766493E+04  0.726066E-16 -0.458042E-19
  0.784347E+04  0.649563E-16 -0.400452E-19
  0.802617E+04  0.581121E-16 -0.350103E-19
  0.821312E+04  0.519891E-16 -0.306085E-19
  0.840443E+04  0.465112E-16 -0.267601E-19
  0.860020E+04  0.416105E-16 -0.233955E-19
  0.880052E+04  0.372262E-16 -0.204540E-19
  0.900551E+04  0.333038E-16 -0.178823E-19
  0.921528E+04  0.297947E-16 -0.156339E-19
  0.942993E+04  0.266553E-16 -0.136683E-19
  0.964958E+04  0.238468E-16 -0.119498E-19
  0.987435E+04  0.213341E-16 -0.104473E-19
  0.101044E+05  0.190862E-16 -0.913376E-20
  0.103397E+05  0.170752E-16 -0.798537E-20
  0.105806E+05  0.152760E-16 -0.698136E-20
  0.108270E+05  0.136665E-16 -0.610359E-20
  0.110792E+05  0.122265E-16 -0.533618E-20
  0.113373E+05  0.109382E-16 -0.466526E-20
  0.116014E+05  0.978570E-17 -0.407870E-20
  0.118716E+05  0.875462E-17 -0.356588E-20
  0.121481E+05  0.783218E-17 -0.311754E-20
  0.124311E+05  0.700694E-17 -0.272557E-20
  0.127206E+05  0.626864E-17 -0.238288E-20
  0.130169E+05  0.560814E-17 -0.208328E-20
  0.133201E+05  0.501723E-17 -0.182135E-20
  0.136304E+05  0.448858E-17 -0.159235E-20
  0.139479E+05  0.401564E-17 -0.139214E-20
  0.142728E+05  0.359253E-17 -0.121711E-20
  0.146052E+05  0.321400E-17 -0.106408E-20
  0.149454E+05  0.287535E-17 -0.930293E-21
  0.152936E+05  0.257239E-17 -0.813327E-21
  0.156498E+05  0.230134E-17 -0.711067E-21
  0.160143E+05  0.205886E-17 -0.621664E-21
  0.163874E+05  0.184193E-17 -0.543502E-21
  0.167691E+05  0.164785E-17 -0.475167E-21
  0.171597E+05  0.147422E-17 -0.415424E-21
  0.175594E+05  0.131889E-17 -0.363193E-21
  0.179684E+05  0.117992E-17 -0.317528E-21
  0.183869E+05  0.105560E-17 -0.277605E-21
  0.188152E+05  0.944374E-18 -0.242702E-21
  0.192535E+05  0.844869E-18 -0.212187E-21
  0.197019E+05  0.755848E-18 -0.185509E-21
  0.201609E+05  0.676208E-18 -0.162184E-21
  0.206305E+05  0.604958E-18 -0.141793E-21
  0.211110E+05  0.541216E-18 -0.123965E-21
  0.216027E+05  0.484190E-18 -0.108379E-21
  0.221059E+05  0.433173E-18 -0.947524E-22
  0.226208E+05  0.387531E-18 -0.828392E-22
  0.231478E+05  0.346699E-18 -0.724238E-22
  0.236869E+05  0.310168E-18 -0.633179E-22
  0.242387E+05  0.277487E-18 -0.553569E-22
  0.248033E+05  0.248249E-18 -0.483968E-22
  0.253810E+05  0.222092E-18 -0.423119E-22
  0.259722E+05  0.198691E-18 -0.369920E-22
  0.265772E+05  0.177756E-18 -0.323410E-22
  0.271962E+05  0.159026E-18 -0.282747E-22
  0.278297E+05  0.142270E-18 -0.247197E-22
  0.284780E+05  0.127280E-18 -0.216117E-22
  0.291413E+05  0.113869E-18 -0.188945E-22
  0.298201E+05  0.101871E-18 -0.165188E-22
  0.305147E+05  0.911373E-19 -0.144419E-22
  0.312255E+05  0.815345E-19 -0.126261E-22
  0.319528E+05  0.729435E-19 -0.110386E-22
  0.326971E+05  0.652577E-19 -0.965075E-23
  0.334587E+05  0.583818E-19 -0.843735E-23
  0.342381E+05  0.522303E-19 -0.737652E-23
  0.350356E+05  0.467270E-19 -0.644907E-23
  0.358516E+05  0.418036E-19 -0.563822E-23
  0.366867E+05  0.373989E-19 -0.492933E-23
  0.375413E+05  0.334583E-19 -0.430956E-23
  0.384157E+05  0.299329E-19 -0.376772E-23
  0.393106E+05  0.267790E-19 -0.329400E-23
  0.402262E+05  0.239574E-19 -0.287984E-23
  0.411632E+05  0.214331E-19 -0.251776E-23
  0.421220E+05  0.191748E-19 -0.220120E-23
  0.431032E+05  0.171544E-19 -0.192444E-23
  0.441072E+05  0.153469E-19 -0.168248E-23
  0.451346E+05  0.137299E-19 -0.147094E-23
  0.461859E+05  0.122832E-19 -0.128600E-23
  0.472617E+05  0.109890E-19 -0.112431E-23
  0.483626E+05  0.983111E-20 -0.982950E-24
