
  0.750000E+00  0.500000E+00  0.290441E+01  0.254688E+00
  0.000000E+00  0.100000E+01 -0.184088E+01
  0.162769E-01  0.970275E+00 -0.181142E+01
  0.129197E+00  0.777902E+00 -0.159178E+01
  0.254688E+00  0.594604E+00 -0.132747E+01
  0.260647E+00  0.586732E+00 -0.131472E+01
  0.266718E+00  0.578789E+00 -0.130172E+01
  0.272931E+00  0.570743E+00 -0.128842E+01
  0.279288E+00  0.562596E+00 -0.127482E+01
  0.285794E+00  0.554348E+00 -0.126091E+01
  0.292451E+00  0.546001E+00 -0.124669E+01
  0.299263E+00  0.537558E+00 -0.123215E+01
  0.306233E+00  0.529021E+00 -0.121729E+01
  0.313367E+00  0.520392E+00 -0.120211E+01
  0.320666E+00  0.511674E+00 -0.118661E+01
  0.328135E+00  0.502870E+00 -0.117079E+01
  0.335778E+00  0.493983E+00 -0.115463E+01
  0.343600E+00  0.485017E+00 -0.113816E+01
  0.351603E+00  0.475975E+00 -0.112135E+01
  0.359793E+00  0.466862E+00 -0.110422E+01
  0.368174E+00  0.457681E+00 -0.108677E+01
  0.376750E+00  0.448437E+00 -0.106899E+01
  0.385525E+00  0.439135E+00 -0.105090E+01
  0.394505E+00  0.429781E+00 -0.103249E+01
  0.403694E+00  0.420379E+00 -0.101378E+01
  0.413098E+00  0.410936E+00 -0.994759E+00
  0.422720E+00  0.401457E+00 -0.975446E+00
  0.432566E+00  0.391949E+00 -0.955845E+00
  0.442642E+00  0.382418E+00 -0.935968E+00
  0.452953E+00  0.372872E+00 -0.915824E+00
  0.463503E+00  0.363317E+00 -0.895427E+00
  0.474300E+00  0.353762E+00 -0.874790E+00
  0.485348E+00  0.344213E+00 -0.853928E+00
  0.496653E+00  0.334678E+00 -0.832859E+00
  0.508221E+00  0.325166E+00 -0.811600E+00
  0.520059E+00  0.315686E+00 -0.790171E+00
  0.532173E+00  0.306245E+00 -0.768593E+00
  0.544569E+00  0.296852E+00 -0.746890E+00
  0.557254E+00  0.287517E+00 -0.725084E+00
  0.570234E+00  0.278248E+00 -0.703202E+00
  0.583516E+00  0.269054E+00 -0.681271E+00
  0.597108E+00  0.259944E+00 -0.659319E+00
  0.611017E+00  0.250927E+00 -0.637375E+00
  0.625249E+00  0.242012E+00 -0.615470E+00
  0.639813E+00  0.233208E+00 -0.593635E+00
  0.654716E+00  0.224524E+00 -0.571903E+00
  0.669966E+00  0.215968E+00 -0.550306E+00
  0.685572E+00  0.207548E+00 -0.528877E+00
  0.701541E+00  0.199273E+00 -0.507651E+00
  0.717882E+00  0.191150E+00 -0.486659E+00
  0.734604E+00  0.183186E+00 -0.465936E+00
  0.751715E+00  0.175389E+00 -0.445513E+00
  0.769224E+00  0.167766E+00 -0.425423E+00
  0.787142E+00  0.160321E+00 -0.405697E+00
  0.805477E+00  0.153061E+00 -0.386363E+00
  0.824239E+00  0.145991E+00 -0.367451E+00
  0.843438E+00  0.139115E+00 -0.348987E+00
  0.863084E+00  0.132437E+00 -0.330994E+00
  0.883188E+00  0.125960E+00 -0.313496E+00
  0.903760E+00  0.119687E+00 -0.296512E+00
  0.924811E+00  0.113620E+00 -0.280060E+00
  0.946353E+00  0.107760E+00 -0.264156E+00
  0.968396E+00  0.102108E+00 -0.248812E+00
  0.990953E+00  0.966638E-01 -0.234038E+00
  0.101404E+01  0.914273E-01 -0.219841E+00
  0.103766E+01  0.863972E-01 -0.206226E+00
  0.106183E+01  0.815720E-01 -0.193195E+00
  0.108656E+01  0.769494E-01 -0.180747E+00
  0.111187E+01  0.725268E-01 -0.168880E+00
  0.113777E+01  0.683010E-01 -0.157589E+00
  0.116427E+01  0.642685E-01 -0.146865E+00
  0.119139E+01  0.604252E-01 -0.136699E+00
  0.121914E+01  0.567669E-01 -0.127081E+00
  0.124754E+01  0.532889E-01 -0.117997E+00
  0.127660E+01  0.499862E-01 -0.109433E+00
  0.130633E+01  0.468536E-01 -0.101373E+00
  0.133676E+01  0.438859E-01 -0.938007E-01
  0.136790E+01  0.410774E-01 -0.866984E-01
  0.139976E+01  0.384225E-01 -0.800478E-01
  0.143236E+01  0.359155E-01 -0.738300E-01
  0.146573E+01  0.335505E-01 -0.680260E-01
  0.149987E+01  0.313218E-01 -0.626162E-01
  0.153481E+01  0.292236E-01 -0.575814E-01
  0.157056E+01  0.272500E-01 -0.529022E-01
  0.160714E+01  0.253954E-01 -0.485594E-01
  0.164457E+01  0.236542E-01 -0.445343E-01
  0.168288E+01  0.220208E-01 -0.408084E-01
  0.172208E+01  0.204898E-01 -0.373639E-01
  0.176219E+01  0.190559E-01 -0.341831E-01
  0.180324E+01  0.177141E-01 -0.312495E-01
  0.184524E+01  0.164592E-01 -0.285468E-01
  0.188822E+01  0.152867E-01 -0.260595E-01
  0.193221E+01  0.141917E-01 -0.237729E-01
  0.197721E+01  0.131699E-01 -0.216728E-01
  0.202327E+01  0.122169E-01 -0.197459E-01
  0.207040E+01  0.113287E-01 -0.179795E-01
  0.211862E+01  0.105014E-01 -0.163617E-01
  0.216797E+01  0.973114E-02 -0.148813E-01
  0.221847E+01  0.901448E-02 -0.135276E-01
  0.227014E+01  0.834800E-02 -0.122909E-01
  0.232302E+01  0.772850E-02 -0.111618E-01
  0.237713E+01  0.715293E-02 -0.101318E-01
  0.243250E+01  0.661843E-02 -0.919268E-02
  0.248916E+01  0.612228E-02 -0.833710E-02
  0.254714E+01  0.566192E-02 -0.755809E-02
  0.260648E+01  0.523493E-02 -0.684921E-02
  0.266719E+01  0.483905E-02 -0.620453E-02
  0.272932E+01  0.447215E-02 -0.561855E-02
  0.279289E+01  0.413221E-02 -0.508619E-02
  0.285794E+01  0.381737E-02 -0.460280E-02
  0.292451E+01  0.352586E-02 -0.416408E-02
  0.299263E+01  0.325602E-02 -0.376608E-02
  0.306234E+01  0.300633E-02 -0.340517E-02
  0.313367E+01  0.277534E-02 -0.307803E-02
  0.320667E+01  0.256171E-02 -0.278162E-02
  0.328136E+01  0.236417E-02 -0.251315E-02
  0.335779E+01  0.218156E-02 -0.227008E-02
  0.343600E+01  0.201279E-02 -0.205007E-02
  0.351604E+01  0.185684E-02 -0.185100E-02
  0.359794E+01  0.171277E-02 -0.167093E-02
  0.368175E+01  0.157970E-02 -0.150810E-02
  0.376750E+01  0.145681E-02 -0.136089E-02
  0.385526E+01  0.134334E-02 -0.122785E-02
  0.394506E+01  0.123859E-02 -0.110763E-02
  0.403695E+01  0.114190E-02 -0.999034E-03
  0.413099E+01  0.105267E-02 -0.900953E-03
  0.422721E+01  0.970325E-03 -0.812389E-03
  0.432568E+01  0.894352E-03 -0.732436E-03
  0.442643E+01  0.824265E-03 -0.660269E-03
  0.452954E+01  0.759616E-03 -0.595142E-03
  0.463504E+01  0.699989E-03 -0.536379E-03
  0.474301E+01  0.645001E-03 -0.483367E-03
  0.485349E+01  0.594297E-03 -0.435550E-03
  0.496654E+01  0.547546E-03 -0.392426E-03
  0.508223E+01  0.504444E-03 -0.353539E-03
  0.520061E+01  0.464711E-03 -0.318478E-03
  0.532174E+01  0.428086E-03 -0.286871E-03
  0.544570E+01  0.394329E-03 -0.258380E-03
  0.557255E+01  0.363217E-03 -0.232702E-03
  0.570235E+01  0.334546E-03 -0.209561E-03
  0.583518E+01  0.308125E-03 -0.188709E-03
  0.597110E+01  0.283780E-03 -0.169920E-03
  0.611018E+01  0.261349E-03 -0.152993E-03
  0.625251E+01  0.240682E-03 -0.137745E-03
  0.639815E+01  0.221643E-03 -0.124010E-03
  0.654718E+01  0.204103E-03 -0.111638E-03
  0.669968E+01  0.187945E-03 -0.100496E-03
  0.685574E+01  0.173062E-03 -0.904615E-04
  0.701543E+01  0.159353E-03 -0.814255E-04
  0.717884E+01  0.146726E-03 -0.732890E-04
  0.734605E+01  0.135097E-03 -0.659630E-04
  0.751717E+01  0.124386E-03 -0.593670E-04
  0.769226E+01  0.114522E-03 -0.534287E-04
  0.787144E+01  0.105438E-03 -0.480828E-04
  0.805479E+01  0.970726E-04 -0.432704E-04
  0.824241E+01  0.893692E-04 -0.389384E-04
  0.843440E+01  0.822757E-04 -0.350391E-04
  0.863086E+01  0.757440E-04 -0.315295E-04
  0.883190E+01  0.697297E-04 -0.283706E-04
  0.903762E+01  0.641919E-04 -0.255276E-04
  0.924814E+01  0.590931E-04 -0.229689E-04
  0.946355E+01  0.543985E-04 -0.206662E-04
  0.968399E+01  0.500763E-04 -0.185940E-04
  0.990956E+01  0.460968E-04 -0.167292E-04
  0.101404E+02  0.424332E-04 -0.150512E-04
  0.103766E+02  0.390602E-04 -0.135412E-04
  0.106183E+02  0.359550E-04 -0.121825E-04
  0.108656E+02  0.330963E-04 -0.109600E-04
  0.111187E+02  0.304646E-04 -0.985994E-05
  0.113777E+02  0.280419E-04 -0.887019E-05
  0.116427E+02  0.258117E-04 -0.797969E-05
  0.119139E+02  0.237586E-04 -0.717849E-05
  0.121914E+02  0.218686E-04 -0.645765E-05
  0.124754E+02  0.201289E-04 -0.580913E-05
  0.127660E+02  0.185274E-04 -0.522567E-05
  0.130633E+02  0.170532E-04 -0.470077E-05
  0.133676E+02  0.156963E-04 -0.422854E-05
  0.136790E+02  0.144472E-04 -0.380372E-05
  0.139976E+02  0.132974E-04 -0.342154E-05
  0.143237E+02  0.122391E-04 -0.307774E-05
  0.146573E+02  0.112649E-04 -0.276846E-05
  0.149987E+02  0.103682E-04 -0.249024E-05
  0.153481E+02  0.954288E-05 -0.223996E-05
  0.157056E+02  0.878319E-05 -0.201482E-05
  0.160714E+02  0.808395E-05 -0.181230E-05
  0.164458E+02  0.744034E-05 -0.163012E-05
  0.168289E+02  0.684795E-05 -0.146625E-05
  0.172208E+02  0.630270E-05 -0.131884E-05
  0.176220E+02  0.580085E-05 -0.118625E-05
  0.180324E+02  0.533893E-05 -0.106698E-05
  0.184525E+02  0.491379E-05 -0.959695E-06
  0.188823E+02  0.452248E-05 -0.863196E-06
  0.193221E+02  0.416232E-05 -0.776396E-06
  0.197722E+02  0.383084E-05 -0.698321E-06
  0.202327E+02  0.352574E-05 -0.628095E-06
  0.207040E+02  0.324494E-05 -0.564929E-06
  0.211863E+02  0.298649E-05 -0.508113E-06
  0.216798E+02  0.274862E-05 -0.457010E-06
  0.221848E+02  0.252969E-05 -0.411045E-06
  0.227015E+02  0.232819E-05 -0.369702E-06
  0.232303E+02  0.214274E-05 -0.332516E-06
  0.237714E+02  0.197206E-05 -0.299070E-06
  0.243251E+02  0.181497E-05 -0.268987E-06
  0.248917E+02  0.167039E-05 -0.241929E-06
  0.254715E+02  0.153733E-05 -0.217593E-06
  0.260648E+02  0.141486E-05 -0.195704E-06
  0.266719E+02  0.130215E-05 -0.176017E-06
  0.272932E+02  0.119841E-05 -0.158310E-06
  0.279290E+02  0.110294E-05 -0.142383E-06
  0.285795E+02  0.101507E-05 -0.128059E-06
  0.292452E+02  0.934204E-06 -0.115176E-06
  0.299264E+02  0.859777E-06 -0.103588E-06
  0.306235E+02  0.791278E-06 -0.931666E-07
  0.313368E+02  0.728236E-06 -0.837931E-07
  0.320667E+02  0.670216E-06 -0.753627E-07
  0.328137E+02  0.616818E-06 -0.677803E-07
  0.335780E+02  0.567674E-06 -0.609606E-07
  0.343601E+02  0.522445E-06 -0.548271E-07
  0.351605E+02  0.480819E-06 -0.493106E-07
  0.359795E+02  0.442509E-06 -0.443492E-07
  0.368176E+02  0.407252E-06 -0.398868E-07
  0.376751E+02  0.374803E-06 -0.358735E-07
  0.385527E+02  0.344939E-06 -0.322639E-07
  0.394507E+02  0.317455E-06 -0.290175E-07
  0.403696E+02  0.292161E-06 -0.260977E-07
  0.413100E+02  0.268881E-06 -0.234717E-07
  0.422722E+02  0.247457E-06 -0.211099E-07
  0.432569E+02  0.227739E-06 -0.189857E-07
  0.442644E+02  0.209593E-06 -0.170753E-07
  0.452955E+02  0.192892E-06 -0.153571E-07
  0.463506E+02  0.177522E-06 -0.138117E-07
  0.474302E+02  0.163377E-06 -0.124219E-07
  0.485350E+02  0.150358E-06 -0.111719E-07
  0.496655E+02  0.138377E-06 -0.100477E-07
  0.508224E+02  0.127351E-06 -0.903664E-08
  0.520062E+02  0.117203E-06 -0.812729E-08
  0.532176E+02  0.107864E-06 -0.730944E-08
  0.544572E+02  0.992690E-07 -0.657390E-08
  0.557256E+02  0.913588E-07 -0.591236E-08
  0.570237E+02  0.840788E-07 -0.531740E-08
  0.583519E+02  0.773790E-07 -0.478230E-08
  0.597111E+02  0.712130E-07 -0.430105E-08
  0.611020E+02  0.655384E-07 -0.386823E-08
  0.625252E+02  0.603159E-07 -0.347896E-08
  0.639816E+02  0.555095E-07 -0.312886E-08
  0.654719E+02  0.510862E-07 -0.281400E-08
  0.669970E+02  0.470153E-07 -0.253082E-08
  0.685575E+02  0.432688E-07 -0.227613E-08
  0.701545E+02  0.398209E-07 -0.204708E-08
  0.717886E+02  0.366477E-07 -0.184107E-08
  0.734607E+02  0.337273E-07 -0.165580E-08
  0.751719E+02  0.310397E-07 -0.148917E-08
  0.769228E+02  0.285662E-07 -0.133930E-08
  0.787146E+02  0.262898E-07 -0.120452E-08
  0.805481E+02  0.241948E-07 -0.108331E-08
  0.824243E+02  0.222668E-07 -0.974287E-09
  0.843442E+02  0.204924E-07 -0.876239E-09
  0.863089E+02  0.188594E-07 -0.788058E-09
  0.883192E+02  0.173565E-07 -0.708751E-09
  0.903765E+02  0.159734E-07 -0.637425E-09
  0.924816E+02  0.147005E-07 -0.573277E-09
  0.946358E+02  0.135291E-07 -0.515585E-09
  0.968401E+02  0.124509E-07 -0.463698E-09
  0.990958E+02  0.114587E-07 -0.417033E-09
  0.101404E+03  0.105456E-07 -0.375064E-09
  0.103766E+03  0.970525E-08 -0.337319E-09
  0.106183E+03  0.893185E-08 -0.303372E-09
  0.108656E+03  0.822007E-08 -0.272842E-09
  0.111187E+03  0.756502E-08 -0.245384E-09
  0.113777E+03  0.696217E-08 -0.220689E-09
  0.116427E+03  0.640736E-08 -0.198479E-09
  0.119139E+03  0.589676E-08 -0.178505E-09
  0.121915E+03  0.542686E-08 -0.160541E-09
  0.124754E+03  0.499439E-08 -0.144384E-09
  0.127660E+03  0.459639E-08 -0.129854E-09
  0.130634E+03  0.423011E-08 -0.116786E-09
  0.133677E+03  0.389301E-08 -0.105033E-09
  0.136790E+03  0.358278E-08 -0.944623E-10
  0.139977E+03  0.329727E-08 -0.849558E-10
  0.143237E+03  0.303451E-08 -0.764060E-10
  0.146574E+03  0.279269E-08 -0.687166E-10
  0.149988E+03  0.257014E-08 -0.618011E-10
  0.153481E+03  0.236533E-08 -0.555816E-10
  0.157056E+03  0.217684E-08 -0.499879E-10
  0.160715E+03  0.200336E-08 -0.449572E-10
  0.164458E+03  0.184372E-08 -0.404328E-10
  0.168289E+03  0.169679E-08 -0.363637E-10
  0.172209E+03  0.156157E-08 -0.327041E-10
  0.176220E+03  0.143713E-08 -0.294128E-10
  0.180325E+03  0.132261E-08 -0.264528E-10
  0.184525E+03  0.121721E-08 -0.237906E-10
  0.188823E+03  0.112021E-08 -0.213963E-10
  0.193222E+03  0.103094E-08 -0.192430E-10
  0.197722E+03  0.948783E-09 -0.173064E-10
  0.202328E+03  0.873175E-09 -0.155647E-10
  0.207041E+03  0.803591E-09 -0.139983E-10
  0.211863E+03  0.739553E-09 -0.125896E-10
  0.216798E+03  0.680618E-09 -0.113226E-10
  0.221848E+03  0.626379E-09 -0.101831E-10
  0.227016E+03  0.576463E-09 -0.915825E-11
  0.232304E+03  0.530524E-09 -0.823658E-11
  0.237715E+03  0.488247E-09 -0.740766E-11
  0.243252E+03  0.449338E-09 -0.666216E-11
  0.248918E+03  0.413530E-09 -0.599169E-11
  0.254716E+03  0.380576E-09 -0.538869E-11
  0.260649E+03  0.350248E-09 -0.484638E-11
  0.266720E+03  0.322336E-09 -0.435864E-11
  0.272933E+03  0.296649E-09 -0.391999E-11
  0.279290E+03  0.273009E-09 -0.352549E-11
  0.285796E+03  0.251253E-09 -0.317069E-11
  0.292453E+03  0.231231E-09 -0.285159E-11
  0.299265E+03  0.212804E-09 -0.256461E-11
  0.306236E+03  0.195845E-09 -0.230651E-11
  0.313369E+03  0.180238E-09 -0.207438E-11
  0.320668E+03  0.165875E-09 -0.186562E-11
  0.328138E+03  0.152656E-09 -0.167787E-11
  0.335781E+03  0.140491E-09 -0.150901E-11
  0.343602E+03  0.129295E-09 -0.135714E-11
  0.351606E+03  0.118992E-09 -0.122056E-11
  0.359796E+03  0.109509E-09 -0.109772E-11
  0.368176E+03  0.100782E-09 -0.987250E-12
  0.376752E+03  0.927510E-10 -0.887894E-12
  0.385528E+03  0.853596E-10 -0.798537E-12
  0.394508E+03  0.785573E-10 -0.718173E-12
  0.403698E+03  0.722970E-10 -0.645896E-12
  0.413101E+03  0.665356E-10 -0.580894E-12
  0.422723E+03  0.612334E-10 -0.522433E-12
  0.432570E+03  0.563537E-10 -0.469856E-12
  0.442646E+03  0.518628E-10 -0.422570E-12
  0.452956E+03  0.477298E-10 -0.380043E-12
  0.463507E+03  0.439262E-10 -0.341796E-12
  0.474303E+03  0.404257E-10 -0.307397E-12
  0.485351E+03  0.372042E-10 -0.276461E-12
  0.496657E+03  0.342394E-10 -0.248638E-12
  0.508225E+03  0.315108E-10 -0.223616E-12
  0.520063E+03  0.289997E-10 -0.201111E-12
  0.532177E+03  0.266887E-10 -0.180871E-12
  0.544573E+03  0.245619E-10 -0.162669E-12
  0.557258E+03  0.226045E-10 -0.146298E-12
  0.570238E+03  0.208031E-10 -0.131574E-12
  0.583521E+03  0.191453E-10 -0.118333E-12
  0.597113E+03  0.176196E-10 -0.106424E-12
  0.611021E+03  0.162155E-10 -0.957135E-13
  0.625254E+03  0.149233E-10 -0.860810E-13
  0.639818E+03  0.137340E-10 -0.774178E-13
  0.654721E+03  0.126396E-10 -0.696266E-13
  0.669971E+03  0.116323E-10 -0.626194E-13
  0.685577E+03  0.107053E-10 -0.563174E-13
  0.701546E+03  0.985222E-11 -0.506497E-13
  0.717887E+03  0.906709E-11 -0.455523E-13
  0.734609E+03  0.834453E-11 -0.409680E-13
  0.751720E+03  0.767955E-11 -0.368450E-13
  0.769230E+03  0.706756E-11 -0.331369E-13
  0.787148E+03  0.650434E-11 -0.298020E-13
  0.805483E+03  0.598601E-11 -0.268028E-13
  0.824245E+03  0.550898E-11 -0.241054E-13
  0.843444E+03  0.506997E-11 -0.216794E-13
  0.863091E+03  0.466594E-11 -0.194976E-13
  0.883195E+03  0.429411E-11 -0.175354E-13
  0.903767E+03  0.395191E-11 -0.157706E-13
  0.924818E+03  0.363698E-11 -0.141835E-13
  0.946360E+03  0.334714E-11 -0.127561E-13
  0.968404E+03  0.308041E-11 -0.114723E-13
  0.990961E+03  0.283493E-11 -0.103177E-13
  0.101404E+04  0.260901E-11 -0.927937E-14
  0.103766E+04  0.240110E-11 -0.834550E-14
  0.106183E+04  0.220975E-11 -0.750562E-14
  0.108657E+04  0.203366E-11 -0.675026E-14
  0.111188E+04  0.187159E-11 -0.607091E-14
  0.113778E+04  0.172245E-11 -0.545994E-14
  0.116428E+04  0.158518E-11 -0.491046E-14
  0.119140E+04  0.145886E-11 -0.441627E-14
  0.121915E+04  0.134260E-11 -0.397182E-14
  0.124755E+04  0.123561E-11 -0.357210E-14
  0.127661E+04  0.113714E-11 -0.321260E-14
  0.130634E+04  0.104652E-11 -0.288929E-14
  0.133677E+04  0.963125E-12 -0.259851E-14
  0.136791E+04  0.886373E-12 -0.233700E-14
  0.139977E+04  0.815737E-12 -0.210181E-14
  0.143237E+04  0.750731E-12 -0.189028E-14
  0.146574E+04  0.690905E-12 -0.170005E-14
  0.149988E+04  0.635846E-12 -0.152895E-14
  0.153482E+04  0.585175E-12 -0.137508E-14
  0.157057E+04  0.538542E-12 -0.123669E-14
  0.160715E+04  0.495626E-12 -0.111223E-14
  0.164459E+04  0.456129E-12 -0.100030E-14
  0.168289E+04  0.419780E-12 -0.899629E-15
  0.172209E+04  0.386327E-12 -0.809091E-15
  0.176221E+04  0.355541E-12 -0.727665E-15
  0.180325E+04  0.327207E-12 -0.654433E-15
  0.184526E+04  0.301132E-12 -0.588571E-15
  0.188824E+04  0.277135E-12 -0.529338E-15
  0.193222E+04  0.255050E-12 -0.476066E-15
  0.197723E+04  0.234725E-12 -0.428155E-15
  0.202328E+04  0.216019E-12 -0.385065E-15
  0.207041E+04  0.198805E-12 -0.346313E-15
  0.211864E+04  0.182962E-12 -0.311460E-15
  0.216799E+04  0.168381E-12 -0.280115E-15
  0.221849E+04  0.154963E-12 -0.251924E-15
  0.227016E+04  0.142614E-12 -0.226571E-15
  0.232304E+04  0.131249E-12 -0.203769E-15
  0.237715E+04  0.120790E-12 -0.183262E-15
  0.243252E+04  0.111164E-12 -0.164818E-15
  0.248918E+04  0.102305E-12 -0.148231E-15
  0.254716E+04  0.941523E-13 -0.133313E-15
  0.260650E+04  0.866493E-13 -0.119897E-15
  0.266721E+04  0.797441E-13 -0.107830E-15
  0.272934E+04  0.733893E-13 -0.969783E-16
  0.279291E+04  0.675409E-13 -0.872185E-16
  0.285797E+04  0.621585E-13 -0.784409E-16
  0.292454E+04  0.572050E-13 -0.705466E-16
  0.299266E+04  0.526463E-13 -0.634469E-16
  0.306237E+04  0.484509E-13 -0.570616E-16
  0.313370E+04  0.445898E-13 -0.513190E-16
  0.320669E+04  0.410365E-13 -0.461543E-16
  0.328138E+04  0.377662E-13 -0.415093E-16
  0.335782E+04  0.347566E-13 -0.373318E-16
  0.343603E+04  0.319868E-13 -0.335748E-16
  0.351607E+04  0.294378E-13 -0.301958E-16
  0.359797E+04  0.270919E-13 -0.271570E-16
  0.368177E+04  0.249329E-13 -0.244239E-16
  0.376753E+04  0.229460E-13 -0.219659E-16
  0.385529E+04  0.211174E-13 -0.197553E-16
  0.394509E+04  0.194346E-13 -0.177671E-16
  0.403699E+04  0.178858E-13 -0.159790E-16
  0.413102E+04  0.164605E-13 -0.143709E-16
  0.422724E+04  0.151487E-13 -0.129246E-16
  0.432571E+04  0.139415E-13 -0.116239E-16
  0.442647E+04  0.128305E-13 -0.104541E-16
  0.452957E+04  0.118080E-13 -0.940199E-17
  0.463508E+04  0.108671E-13 -0.845578E-17
  0.474305E+04  0.100011E-13 -0.760479E-17
  0.485352E+04  0.920406E-14 -0.683945E-17
  0.496658E+04  0.847058E-14 -0.615113E-17
  0.508226E+04  0.779556E-14 -0.553209E-17
  0.520065E+04  0.717433E-14 -0.497534E-17
  0.532178E+04  0.660260E-14 -0.447463E-17
  0.544575E+04  0.607643E-14 -0.402430E-17
  0.557259E+04  0.559220E-14 -0.361930E-17
  0.570240E+04  0.514655E-14 -0.325505E-17
  0.583522E+04  0.473642E-14 -0.292747E-17
  0.597114E+04  0.435897E-14 -0.263285E-17
  0.611023E+04  0.401161E-14 -0.236788E-17
  0.625255E+04  0.369192E-14 -0.212958E-17
  0.639819E+04  0.339771E-14 -0.191526E-17
  0.654723E+04  0.312694E-14 -0.172251E-17
  0.669973E+04  0.287775E-14 -0.154916E-17
  0.685579E+04  0.264842E-14 -0.139325E-17
  0.701548E+04  0.243737E-14 -0.125303E-17
  0.717889E+04  0.224313E-14 -0.112693E-17
  0.734611E+04  0.206438E-14 -0.101352E-17
  0.751722E+04  0.189987E-14 -0.911517E-18
  0.769232E+04  0.174846E-14 -0.819782E-18
  0.787150E+04  0.160913E-14 -0.737280E-18
  0.805485E+04  0.148090E-14 -0.663080E-18
  0.824247E+04  0.136288E-14 -0.596348E-18
  0.843446E+04  0.125427E-14 -0.536332E-18
  0.863093E+04  0.115432E-14 -0.482356E-18
  0.883197E+04  0.106233E-14 -0.433812E-18
  0.903769E+04  0.977674E-15 -0.390153E-18
  0.924821E+04  0.899762E-15 -0.350889E-18
  0.946363E+04  0.828060E-15 -0.315575E-18
  0.968406E+04  0.762071E-15 -0.283816E-18
  0.990963E+04  0.701341E-15 -0.255253E-18
  0.101405E+05  0.645451E-15 -0.229565E-18
  0.103767E+05  0.594015E-15 -0.206461E-18
  0.106184E+05  0.546677E-15 -0.185683E-18
  0.108657E+05  0.503112E-15 -0.166996E-18
  0.111188E+05  0.463019E-15 -0.150190E-18
  0.113778E+05  0.426121E-15 -0.135075E-18
  0.116428E+05  0.392163E-15 -0.121481E-18
  0.119140E+05  0.360911E-15 -0.109255E-18
  0.121915E+05  0.332150E-15 -0.982597E-19
  0.124755E+05  0.305681E-15 -0.883709E-19
  0.127661E+05  0.281321E-15 -0.794773E-19
  0.130634E+05  0.258902E-15 -0.714788E-19
  0.133677E+05  0.238270E-15 -0.642852E-19
  0.136791E+05  0.219282E-15 -0.578156E-19
  0.139977E+05  0.201808E-15 -0.519971E-19
  0.143238E+05  0.185725E-15 -0.467641E-19
  0.146574E+05  0.170925E-15 -0.420578E-19
  0.149988E+05  0.157304E-15 -0.378251E-19
  0.153482E+05  0.144768E-15 -0.340184E-19
  0.157057E+05  0.133231E-15 -0.305948E-19
  0.160716E+05  0.122614E-15 -0.275158E-19
  0.164459E+05  0.112843E-15 -0.247466E-19
  0.168290E+05  0.103850E-15 -0.222561E-19
  0.172210E+05  0.955746E-16 -0.200163E-19
  0.176221E+05  0.879582E-16 -0.180019E-19
  0.180326E+05  0.809487E-16 -0.161902E-19
  0.184526E+05  0.744979E-16 -0.145608E-19
  0.188824E+05  0.685611E-16 -0.130954E-19
  0.193223E+05  0.630974E-16 -0.117775E-19
  0.197723E+05  0.580692E-16 -0.105922E-19
  0.202329E+05  0.534416E-16 -0.952622E-20
  0.207042E+05  0.491828E-16 -0.856751E-20
  0.211864E+05  0.452634E-16 -0.770528E-20
  0.216799E+05  0.416563E-16 -0.692982E-20
  0.221849E+05  0.383367E-16 -0.623241E-20
  0.227017E+05  0.352816E-16 -0.560518E-20
  0.232305E+05  0.324700E-16 -0.504108E-20
  0.237716E+05  0.298825E-16 -0.453375E-20
  0.243253E+05  0.275011E-16 -0.407748E-20
  0.248919E+05  0.253095E-16 -0.366712E-20
  0.254717E+05  0.232926E-16 -0.329806E-20
  0.260650E+05  0.214364E-16 -0.296615E-20
  0.266722E+05  0.197281E-16 -0.266764E-20
  0.272934E+05  0.181560E-16 -0.239917E-20
  0.279292E+05  0.167091E-16 -0.215772E-20
  0.285797E+05  0.153776E-16 -0.194057E-20
  0.292454E+05  0.141521E-16 -0.174527E-20
  0.299267E+05  0.130243E-16 -0.156963E-20
  0.306237E+05  0.119864E-16 -0.141166E-20
  0.313371E+05  0.110312E-16 -0.126959E-20
  0.320670E+05  0.101521E-16 -0.114182E-20
  0.328139E+05  0.934309E-17 -0.102691E-20
  0.335783E+05  0.859854E-17 -0.923561E-21
  0.343604E+05  0.791331E-17 -0.830614E-21
  0.351608E+05  0.728270E-17 -0.747022E-21
  0.359798E+05  0.670234E-17 -0.671842E-21
  0.368178E+05  0.616822E-17 -0.604228E-21
  0.376754E+05  0.567667E-17 -0.543419E-21
  0.385530E+05  0.522430E-17 -0.488730E-21
  0.394510E+05  0.480797E-17 -0.439544E-21
  0.403700E+05  0.442482E-17 -0.395309E-21
  0.413103E+05  0.407220E-17 -0.355525E-21
  0.422725E+05  0.374769E-17 -0.319745E-21
  0.432572E+05  0.344903E-17 -0.287566E-21
  0.442648E+05  0.317418E-17 -0.258626E-21
  0.452958E+05  0.292122E-17 -0.232598E-21
  0.463509E+05  0.268843E-17 -0.209189E-21
  0.474306E+05  0.247419E-17 -0.188137E-21
  0.485354E+05  0.227702E-17 -0.169203E-21
  0.496659E+05  0.209556E-17 -0.152174E-21
  0.508228E+05  0.192856E-17 -0.136859E-21
  0.520066E+05  0.177488E-17 -0.123086E-21
  0.532180E+05  0.163344E-17 -0.110699E-21
  0.544576E+05  0.150327E-17 -0.995581E-22
  0.557261E+05  0.138347E-17 -0.895386E-22
  0.570241E+05  0.127322E-17 -0.805275E-22
  0.583524E+05  0.117176E-17 -0.724233E-22
  0.597116E+05  0.107838E-17 -0.651346E-22
  0.611024E+05  0.992442E-18 -0.585795E-22
  0.625257E+05  0.913354E-18 -0.526841E-22
  0.639821E+05  0.840568E-18 -0.473820E-22
  0.654724E+05  0.773583E-18 -0.426135E-22
  0.669975E+05  0.711936E-18 -0.383249E-22
  0.685581E+05  0.655201E-18 -0.344679E-22
  0.701550E+05  0.602988E-18 -0.309991E-22
  0.717891E+05  0.554935E-18 -0.278794E-22
  0.734613E+05  0.510712E-18 -0.250736E-22
  0.751724E+05  0.470013E-18 -0.225502E-22
  0.769234E+05  0.432558E-18 -0.202808E-22
  0.787152E+05  0.398087E-18 -0.182397E-22
  0.805487E+05  0.366363E-18 -0.164041E-22
  0.824249E+05  0.337167E-18 -0.147532E-22
  0.843449E+05  0.310298E-18 -0.132684E-22
  0.863095E+05  0.285570E-18 -0.119331E-22
  0.883199E+05  0.262813E-18 -0.107322E-22
  0.903772E+05  0.241869E-18 -0.965209E-23
  0.924823E+05  0.222595E-18 -0.868071E-23
  0.946365E+05  0.204856E-18 -0.780709E-23
  0.968409E+05  0.188531E-18 -0.702139E-23
  0.990966E+05  0.173507E-18 -0.631476E-23
  0.101405E+06  0.159680E-18 -0.567925E-23
  0.103767E+06  0.146955E-18 -0.510769E-23
  0.106184E+06  0.135244E-18 -0.459366E-23
  0.108657E+06  0.124466E-18 -0.413135E-23
  0.111188E+06  0.114548E-18 -0.371558E-23
  0.113778E+06  0.105419E-18 -0.334164E-23
  0.116428E+06  0.970183E-19 -0.300534E-23
  0.119140E+06  0.892868E-19 -0.270289E-23
  0.121915E+06  0.821715E-19 -0.243087E-23
  0.124755E+06  0.756232E-19 -0.218623E-23
  0.127661E+06  0.695968E-19 -0.196621E-23
  0.130635E+06  0.640506E-19 -0.176833E-23
  0.133678E+06  0.589463E-19 -0.159037E-23
  0.136791E+06  0.542489E-19 -0.143031E-23
  0.139978E+06  0.499257E-19 -0.128637E-23
  0.143238E+06  0.459471E-19 -0.115691E-23
  0.146575E+06  0.422856E-19 -0.104048E-23
  0.149989E+06  0.389158E-19 -0.935764E-24
  0.153483E+06  0.358146E-19 -0.841589E-24
  0.157058E+06  0.329605E-19 -0.756892E-24
  0.160716E+06  0.303339E-19 -0.680719E-24
  0.164459E+06  0.279165E-19 -0.612212E-24
  0.168290E+06  0.256919E-19 -0.550599E-24
  0.172210E+06  0.236445E-19 -0.495187E-24
  0.176222E+06  0.217602E-19 -0.445352E-24
  0.180326E+06  0.200261E-19 -0.400532E-24
  0.184527E+06  0.184302E-19 -0.360223E-24
  0.188825E+06  0.169615E-19 -0.323970E-24
  0.193223E+06  0.156098E-19 -0.291366E-24
  0.197724E+06  0.143659E-19 -0.262043E-24
  0.202329E+06  0.132211E-19 -0.235671E-24
  0.207042E+06  0.121675E-19 -0.211953E-24
  0.211865E+06  0.111978E-19 -0.190622E-24
  0.216800E+06  0.103055E-19 -0.171438E-24
  0.221850E+06  0.948423E-20 -0.154185E-24
