
  0.750000E+00  0.500000E-03  0.381427E-02  0.267368E+02
  0.000000E+00  0.100000E+01 -0.107162E+01
  0.581141E-01  0.939325E+00 -0.101624E+01
  0.175682E+00  0.826592E+00 -0.901187E+00
  0.306314E+00  0.717170E+00 -0.775017E+00
  0.451460E+00  0.614272E+00 -0.645232E+00
  0.612733E+00  0.520569E+00 -0.520557E+00
  0.791926E+00  0.437735E+00 -0.408519E+00
  0.991028E+00  0.366314E+00 -0.313625E+00
  0.121225E+01  0.305885E+00 -0.237030E+00
  0.145806E+01  0.255403E+00 -0.177392E+00
  0.173118E+01  0.213541E+00 -0.132093E+00
  0.203464E+01  0.178939E+00 -0.982184E-01
  0.237182E+01  0.150342E+00 -0.731057E-01
  0.274647E+01  0.126664E+00 -0.545570E-01
  0.316275E+01  0.106998E+00 -0.408613E-01
  0.362527E+01  0.905993E-01 -0.307305E-01
  0.413919E+01  0.768671E-01 -0.232129E-01
  0.471021E+01  0.653168E-01 -0.176126E-01
  0.534468E+01  0.555584E-01 -0.134226E-01
  0.604965E+01  0.472776E-01 -0.102738E-01
  0.683294E+01  0.402206E-01 -0.789686E-02
  0.770327E+01  0.341816E-01 -0.609459E-02
  0.867030E+01  0.289931E-01 -0.472204E-02
  0.974477E+01  0.245183E-01 -0.367212E-02
  0.109386E+02  0.206452E-01 -0.286533E-02
  0.122652E+02  0.172824E-01 -0.224231E-02
  0.137391E+02  0.143550E-01 -0.175855E-02
  0.153767E+02  0.118026E-01 -0.138045E-02
  0.171964E+02  0.957704E-02 -0.108252E-02
  0.192182E+02  0.764119E-02 -0.845371E-03
  0.214647E+02  0.596799E-02 -0.654261E-03
  0.239607E+02  0.453943E-02 -0.498239E-03
  0.267368E+02  0.334370E-02 -0.369591E-03
  0.273623E+02  0.312015E-02 -0.345435E-03
  0.279997E+02  0.290742E-02 -0.322354E-03
  0.286519E+02  0.270448E-02 -0.300227E-03
  0.293193E+02  0.251126E-02 -0.279040E-03
  0.300022E+02  0.232769E-02 -0.258785E-03
  0.307010E+02  0.215367E-02 -0.239457E-03
  0.314162E+02  0.198909E-02 -0.221052E-03
  0.321479E+02  0.183381E-02 -0.203569E-03
  0.328968E+02  0.168765E-02 -0.187005E-03
  0.336630E+02  0.155044E-02 -0.171358E-03
  0.344471E+02  0.142193E-02 -0.156622E-03
  0.352495E+02  0.130189E-02 -0.142790E-03
  0.360706E+02  0.119004E-02 -0.129852E-03
  0.369108E+02  0.108609E-02 -0.117792E-03
  0.377705E+02  0.989710E-03 -0.106591E-03
  0.386503E+02  0.900570E-03 -0.962248E-04
  0.395506E+02  0.818320E-03 -0.866663E-04
  0.404719E+02  0.742597E-03 -0.778836E-04
  0.414146E+02  0.673037E-03 -0.698418E-04
  0.423793E+02  0.609271E-03 -0.625029E-04
  0.433664E+02  0.550933E-03 -0.558273E-04
  0.443765E+02  0.497659E-03 -0.497738E-04
  0.454102E+02  0.449098E-03 -0.443005E-04
  0.464679E+02  0.404905E-03 -0.393656E-04
  0.475503E+02  0.364750E-03 -0.349278E-04
  0.486579E+02  0.328318E-03 -0.309467E-04
  0.497913E+02  0.295308E-03 -0.273836E-04
  0.509511E+02  0.265436E-03 -0.242013E-04
  0.521379E+02  0.238436E-03 -0.213649E-04
  0.533523E+02  0.214058E-03 -0.188412E-04
  0.545951E+02  0.192069E-03 -0.165997E-04
  0.558668E+02  0.172254E-03 -0.146119E-04
  0.571681E+02  0.154412E-03 -0.128517E-04
  0.584997E+02  0.138361E-03 -0.112950E-04
  0.598623E+02  0.123930E-03 -0.991998E-05
  0.612567E+02  0.110964E-03 -0.870681E-05
  0.626835E+02  0.993227E-04 -0.763755E-05
  0.641436E+02  0.888758E-04 -0.669599E-05
  0.656377E+02  0.795058E-04 -0.586762E-05
  0.671666E+02  0.711056E-04 -0.513940E-05
  0.687311E+02  0.635781E-04 -0.449969E-05
  0.703321E+02  0.568354E-04 -0.393810E-05
  0.719703E+02  0.507977E-04 -0.344540E-05
  0.736467E+02  0.453933E-04 -0.301337E-05
  0.753622E+02  0.405572E-04 -0.263474E-05
  0.771176E+02  0.362308E-04 -0.230307E-05
  0.789139E+02  0.323614E-04 -0.201265E-05
  0.807521E+02  0.289016E-04 -0.175845E-05
  0.826330E+02  0.258086E-04 -0.153604E-05
  0.845578E+02  0.230442E-04 -0.134151E-05
  0.865274E+02  0.205739E-04 -0.117141E-05
  0.885429E+02  0.183667E-04 -0.102271E-05
  0.906053E+02  0.163950E-04 -0.892760E-06
  0.927158E+02  0.146338E-04 -0.779216E-06
  0.948754E+02  0.130609E-04 -0.680030E-06
  0.970854E+02  0.116563E-04 -0.593402E-06
  0.993468E+02  0.104022E-04 -0.517756E-06
  0.101661E+03  0.928250E-05 -0.451710E-06
  0.104029E+03  0.828292E-05 -0.394055E-06
  0.106452E+03  0.739066E-05 -0.343732E-06
  0.108932E+03  0.659424E-05 -0.299814E-06
  0.111469E+03  0.588342E-05 -0.261489E-06
  0.114065E+03  0.524904E-05 -0.228050E-06
  0.116722E+03  0.468292E-05 -0.198876E-06
  0.119441E+03  0.417773E-05 -0.173425E-06
  0.122223E+03  0.372694E-05 -0.151224E-06
  0.125070E+03  0.332471E-05 -0.131859E-06
  0.127983E+03  0.296583E-05 -0.114970E-06
  0.130965E+03  0.264563E-05 -0.100240E-06
  0.134015E+03  0.235996E-05 -0.873944E-07
  0.137137E+03  0.210510E-05 -0.761928E-07
  0.140331E+03  0.187773E-05 -0.664250E-07
  0.143600E+03  0.167490E-05 -0.579080E-07
  0.146945E+03  0.149395E-05 -0.504819E-07
  0.150367E+03  0.133254E-05 -0.440071E-07
  0.153870E+03  0.118855E-05 -0.383621E-07
  0.157454E+03  0.106012E-05 -0.334405E-07
  0.161122E+03  0.945548E-06 -0.291499E-07
  0.164875E+03  0.843354E-06 -0.254094E-07
  0.168715E+03  0.752200E-06 -0.221486E-07
  0.172645E+03  0.670893E-06 -0.193060E-07
  0.176666E+03  0.598371E-06 -0.168280E-07
  0.180782E+03  0.533685E-06 -0.146680E-07
  0.184992E+03  0.475990E-06 -0.127850E-07
  0.189301E+03  0.424529E-06 -0.111437E-07
  0.193711E+03  0.378631E-06 -0.971304E-08
  0.198223E+03  0.337693E-06 -0.846597E-08
  0.202840E+03  0.301180E-06 -0.737897E-08
  0.207565E+03  0.268614E-06 -0.643149E-08
  0.212400E+03  0.239569E-06 -0.560564E-08
  0.217347E+03  0.213664E-06 -0.488580E-08
  0.222410E+03  0.190559E-06 -0.425839E-08
  0.227590E+03  0.169953E-06 -0.371152E-08
  0.232892E+03  0.151574E-06 -0.323487E-08
  0.238317E+03  0.135183E-06 -0.281943E-08
  0.243868E+03  0.120564E-06 -0.245733E-08
  0.249548E+03  0.107525E-06 -0.214173E-08
  0.255361E+03  0.958970E-07 -0.186665E-08
  0.261309E+03  0.855260E-07 -0.162691E-08
  0.267396E+03  0.762764E-07 -0.141795E-08
  0.273624E+03  0.680272E-07 -0.123582E-08
  0.279998E+03  0.606700E-07 -0.107709E-08
  0.286520E+03  0.541084E-07 -0.938744E-09
  0.293193E+03  0.482565E-07 -0.818165E-09
  0.300023E+03  0.430374E-07 -0.713074E-09
  0.307011E+03  0.383827E-07 -0.621480E-09
  0.314162E+03  0.342314E-07 -0.541651E-09
  0.321480E+03  0.305291E-07 -0.472075E-09
  0.328968E+03  0.272272E-07 -0.411436E-09
  0.336631E+03  0.242824E-07 -0.358586E-09
  0.344472E+03  0.216561E-07 -0.312524E-09
  0.352496E+03  0.193139E-07 -0.272379E-09
  0.360707E+03  0.172249E-07 -0.237391E-09
  0.369109E+03  0.153619E-07 -0.206896E-09
  0.377706E+03  0.137004E-07 -0.180319E-09
  0.386504E+03  0.122186E-07 -0.157156E-09
  0.395507E+03  0.108970E-07 -0.136968E-09
  0.404720E+03  0.971841E-08 -0.119373E-09
  0.414147E+03  0.866727E-08 -0.104039E-09
  0.423794E+03  0.772982E-08 -0.906742E-10
  0.433665E+03  0.689377E-08 -0.790263E-10
  0.443766E+03  0.614814E-08 -0.688747E-10
  0.454103E+03  0.548315E-08 -0.600270E-10
  0.464681E+03  0.489009E-08 -0.523160E-10
  0.475504E+03  0.436118E-08 -0.455955E-10
  0.486580E+03  0.388947E-08 -0.397383E-10
  0.497914E+03  0.346878E-08 -0.346335E-10
  0.509512E+03  0.309360E-08 -0.301844E-10
  0.521380E+03  0.275899E-08 -0.263069E-10
  0.533525E+03  0.246058E-08 -0.229275E-10
  0.545952E+03  0.219444E-08 -0.199822E-10
  0.558669E+03  0.195708E-08 -0.174153E-10
  0.571682E+03  0.174540E-08 -0.151781E-10
  0.584998E+03  0.155662E-08 -0.132283E-10
  0.598625E+03  0.138825E-08 -0.115290E-10
  0.612568E+03  0.123810E-08 -0.100479E-10
  0.626837E+03  0.110418E-08 -0.875715E-11
  0.641438E+03  0.984753E-09 -0.763219E-11
  0.656379E+03  0.878240E-09 -0.665174E-11
  0.671668E+03  0.783248E-09 -0.579725E-11
  0.687313E+03  0.698531E-09 -0.505252E-11
  0.703323E+03  0.622977E-09 -0.440346E-11
  0.719705E+03  0.555594E-09 -0.383778E-11
  0.736469E+03  0.495500E-09 -0.334477E-11
  0.753624E+03  0.441906E-09 -0.291510E-11
  0.771178E+03  0.394109E-09 -0.254062E-11
  0.789141E+03  0.351481E-09 -0.221424E-11
  0.807523E+03  0.313464E-09 -0.192980E-11
  0.826332E+03  0.279560E-09 -0.168189E-11
  0.845580E+03  0.249322E-09 -0.146583E-11
  0.865276E+03  0.222355E-09 -0.127753E-11
  0.885431E+03  0.198304E-09 -0.111341E-11
  0.906055E+03  0.176855E-09 -0.970380E-12
  0.927160E+03  0.157726E-09 -0.845722E-12
  0.948757E+03  0.140666E-09 -0.737079E-12
  0.970856E+03  0.125452E-09 -0.642392E-12
  0.993470E+03  0.111883E-09 -0.559868E-12
  0.101661E+04  0.997812E-10 -0.487946E-12
  0.104029E+04  0.889886E-10 -0.425263E-12
  0.106452E+04  0.793635E-10 -0.370633E-12
  0.108932E+04  0.707793E-10 -0.323020E-12
  0.111469E+04  0.631237E-10 -0.281524E-12
  0.114066E+04  0.562961E-10 -0.245359E-12
  0.116723E+04  0.502070E-10 -0.213840E-12
  0.119441E+04  0.447765E-10 -0.186369E-12
  0.122224E+04  0.399334E-10 -0.162428E-12
  0.125071E+04  0.356141E-10 -0.141562E-12
  0.127984E+04  0.317620E-10 -0.123376E-12
  0.130965E+04  0.283266E-10 -0.107527E-12
  0.134015E+04  0.252627E-10 -0.937139E-13
  0.137137E+04  0.225303E-10 -0.816751E-13
  0.140331E+04  0.200933E-10 -0.711829E-13
  0.143600E+04  0.179200E-10 -0.620386E-13
  0.146945E+04  0.159817E-10 -0.540689E-13
  0.150368E+04  0.142531E-10 -0.471231E-13
  0.153870E+04  0.127115E-10 -0.410695E-13
  0.157454E+04  0.113366E-10 -0.357936E-13
  0.161122E+04  0.101104E-10 -0.311955E-13
  0.164875E+04  0.901683E-11 -0.271880E-13
  0.168716E+04  0.804155E-11 -0.236954E-13
  0.172645E+04  0.717176E-11 -0.206514E-13
  0.176667E+04  0.639605E-11 -0.179985E-13
  0.180782E+04  0.570424E-11 -0.156863E-13
  0.184993E+04  0.508726E-11 -0.136712E-13
  0.189302E+04  0.453701E-11 -0.119150E-13
  0.193711E+04  0.404628E-11 -0.103843E-13
  0.198224E+04  0.360862E-11 -0.905034E-14
  0.202841E+04  0.321831E-11 -0.788771E-14
  0.207566E+04  0.287021E-11 -0.687443E-14
  0.212400E+04  0.255976E-11 -0.599132E-14
  0.217348E+04  0.228289E-11 -0.522166E-14
  0.222410E+04  0.203597E-11 -0.455087E-14
  0.227591E+04  0.181575E-11 -0.396626E-14
  0.232892E+04  0.161936E-11 -0.345674E-14
  0.238317E+04  0.144421E-11 -0.301268E-14
  0.243868E+04  0.128800E-11 -0.262566E-14
  0.249549E+04  0.114868E-11 -0.228836E-14
  0.255361E+04  0.102444E-11 -0.199439E-14
  0.261310E+04  0.913635E-12 -0.173819E-14
  0.267396E+04  0.814815E-12 -0.151489E-14
  0.273625E+04  0.726683E-12 -0.132029E-14
  0.279998E+04  0.648083E-12 -0.115068E-14
  0.286520E+04  0.577985E-12 -0.100286E-14
  0.293194E+04  0.515469E-12 -0.874029E-15
  0.300024E+04  0.459715E-12 -0.761749E-15
  0.307012E+04  0.409991E-12 -0.663893E-15
  0.314163E+04  0.365646E-12 -0.578607E-15
  0.321481E+04  0.326097E-12 -0.504278E-15
  0.328969E+04  0.290825E-12 -0.439497E-15
  0.336632E+04  0.259369E-12 -0.383038E-15
  0.344473E+04  0.231315E-12 -0.333832E-15
  0.352497E+04  0.206296E-12 -0.290947E-15
  0.360708E+04  0.183982E-12 -0.253571E-15
  0.369110E+04  0.164082E-12 -0.220996E-15
  0.377707E+04  0.146335E-12 -0.192607E-15
  0.386505E+04  0.130507E-12 -0.167864E-15
  0.395508E+04  0.116391E-12 -0.146300E-15
  0.404721E+04  0.103802E-12 -0.127506E-15
  0.414148E+04  0.925746E-13 -0.111126E-15
  0.423795E+04  0.825615E-13 -0.968503E-16
  0.433666E+04  0.736315E-13 -0.844086E-16
  0.443768E+04  0.656674E-13 -0.735652E-16
  0.454104E+04  0.585646E-13 -0.641149E-16
  0.464682E+04  0.522302E-13 -0.558785E-16
  0.475506E+04  0.465808E-13 -0.487002E-16
  0.486581E+04  0.415426E-13 -0.424440E-16
  0.497915E+04  0.370492E-13 -0.369915E-16
  0.509513E+04  0.330419E-13 -0.322395E-16
  0.521382E+04  0.294680E-13 -0.280979E-16
  0.533526E+04  0.262807E-13 -0.244884E-16
  0.545953E+04  0.234381E-13 -0.213425E-16
  0.558670E+04  0.209030E-13 -0.186008E-16
  0.571684E+04  0.186421E-13 -0.162113E-16
  0.585000E+04  0.166257E-13 -0.141288E-16
  0.598626E+04  0.148275E-13 -0.123137E-16
  0.612570E+04  0.132237E-13 -0.107319E-16
  0.626839E+04  0.117934E-13 -0.935323E-17
  0.641440E+04  0.105178E-13 -0.815169E-17
  0.656381E+04  0.938017E-14 -0.710450E-17
  0.671670E+04  0.836559E-14 -0.619184E-17
  0.687315E+04  0.746075E-14 -0.539642E-17
  0.703325E+04  0.665378E-14 -0.470318E-17
  0.719707E+04  0.593409E-14 -0.409899E-17
  0.736471E+04  0.529225E-14 -0.357243E-17
  0.753626E+04  0.471983E-14 -0.311350E-17
  0.771180E+04  0.420932E-14 -0.271353E-17
  0.789143E+04  0.375403E-14 -0.236494E-17
  0.807525E+04  0.334799E-14 -0.206114E-17
  0.826334E+04  0.298586E-14 -0.179636E-17
  0.845582E+04  0.266291E-14 -0.156559E-17
  0.865278E+04  0.237488E-14 -0.136447E-17
  0.885433E+04  0.211801E-14 -0.118919E-17
  0.906058E+04  0.188892E-14 -0.103642E-17
  0.927163E+04  0.168461E-14 -0.903280E-18
  0.948759E+04  0.150240E-14 -0.787242E-18
  0.970858E+04  0.133990E-14 -0.686111E-18
  0.993473E+04  0.119497E-14 -0.597971E-18
  0.101661E+05  0.106572E-14 -0.521154E-18
  0.104029E+05  0.950450E-15 -0.454205E-18
  0.106453E+05  0.847647E-15 -0.395857E-18
  0.108932E+05  0.755964E-15 -0.345004E-18
  0.111469E+05  0.674197E-15 -0.300684E-18
  0.114066E+05  0.601275E-15 -0.262057E-18
  0.116723E+05  0.536240E-15 -0.228392E-18
  0.119442E+05  0.478239E-15 -0.199053E-18
  0.122224E+05  0.426512E-15 -0.173482E-18
  0.125071E+05  0.380379E-15 -0.151196E-18
  0.127984E+05  0.339237E-15 -0.131773E-18
  0.130965E+05  0.302544E-15 -0.114845E-18
  0.134016E+05  0.269820E-15 -0.100092E-18
  0.137137E+05  0.240636E-15 -0.872335E-19
  0.140332E+05  0.214608E-15 -0.760272E-19
  0.143601E+05  0.191396E-15 -0.662606E-19
  0.146945E+05  0.170694E-15 -0.577485E-19
  0.150368E+05  0.152231E-15 -0.503300E-19
  0.153871E+05  0.135766E-15 -0.438645E-19
  0.157455E+05  0.121081E-15 -0.382295E-19
  0.161122E+05  0.107985E-15 -0.333184E-19
  0.164876E+05  0.963048E-16 -0.290383E-19
  0.168716E+05  0.858883E-16 -0.253079E-19
  0.172646E+05  0.765985E-16 -0.220568E-19
  0.176667E+05  0.683134E-16 -0.192233E-19
  0.180782E+05  0.609245E-16 -0.167538E-19
  0.184993E+05  0.543348E-16 -0.146016E-19
  0.189302E+05  0.484578E-16 -0.127258E-19
  0.193712E+05  0.432165E-16 -0.110910E-19
  0.198224E+05  0.385421E-16 -0.966625E-20
  0.202841E+05  0.343733E-16 -0.842450E-20
  0.207566E+05  0.306554E-16 -0.734226E-20
  0.212401E+05  0.273397E-16 -0.639906E-20
  0.217348E+05  0.243826E-16 -0.557702E-20
  0.222411E+05  0.217453E-16 -0.486058E-20
  0.227592E+05  0.193933E-16 -0.423617E-20
  0.232893E+05  0.172957E-16 -0.369198E-20
  0.238318E+05  0.154249E-16 -0.321770E-20
  0.243869E+05  0.137565E-16 -0.280435E-20
  0.249549E+05  0.122686E-16 -0.244409E-20
  0.255362E+05  0.109416E-16 -0.213012E-20
  0.261310E+05  0.975814E-17 -0.185648E-20
  0.267397E+05  0.870268E-17 -0.161799E-20
  0.273625E+05  0.776138E-17 -0.141014E-20
  0.279999E+05  0.692189E-17 -0.122899E-20
  0.286521E+05  0.617320E-17 -0.107111E-20
  0.293195E+05  0.550550E-17 -0.933510E-21
  0.300024E+05  0.491001E-17 -0.813589E-21
  0.307013E+05  0.437893E-17 -0.709073E-21
  0.314164E+05  0.390530E-17 -0.617983E-21
  0.321482E+05  0.348289E-17 -0.538595E-21
  0.328970E+05  0.310618E-17 -0.469406E-21
  0.336633E+05  0.277021E-17 -0.409105E-21
  0.344474E+05  0.247058E-17 -0.356550E-21
  0.352498E+05  0.220335E-17 -0.310747E-21
  0.360709E+05  0.196503E-17 -0.270827E-21
  0.369111E+05  0.175249E-17 -0.236036E-21
  0.377708E+05  0.156294E-17 -0.205714E-21
  0.386506E+05  0.139389E-17 -0.179288E-21
  0.395509E+05  0.124312E-17 -0.156256E-21
  0.404722E+05  0.110866E-17 -0.136183E-21
  0.414149E+05  0.988748E-18 -0.118688E-21
  0.423796E+05  0.881803E-18 -0.103441E-21
  0.433667E+05  0.786426E-18 -0.901529E-22
  0.443769E+05  0.701364E-18 -0.785716E-22
  0.454105E+05  0.625503E-18 -0.684781E-22
  0.464683E+05  0.557847E-18 -0.596812E-22
  0.475507E+05  0.497509E-18 -0.520144E-22
  0.486583E+05  0.443698E-18 -0.453325E-22
  0.497917E+05  0.395707E-18 -0.395089E-22
  0.509515E+05  0.352906E-18 -0.344335E-22
  0.521383E+05  0.314735E-18 -0.300101E-22
  0.533527E+05  0.280693E-18 -0.261549E-22
  0.545955E+05  0.250332E-18 -0.227950E-22
  0.558672E+05  0.223256E-18 -0.198667E-22
  0.571685E+05  0.199108E-18 -0.173145E-22
  0.585001E+05  0.177572E-18 -0.150903E-22
  0.598628E+05  0.158366E-18 -0.131517E-22
  0.612572E+05  0.141236E-18 -0.114622E-22
  0.626840E+05  0.125960E-18 -0.998975E-23
  0.641441E+05  0.112336E-18 -0.870644E-23
  0.656382E+05  0.100185E-18 -0.758798E-23
  0.671671E+05  0.893492E-19 -0.661321E-23
  0.687317E+05  0.796850E-19 -0.576366E-23
  0.703326E+05  0.710661E-19 -0.502324E-23
  0.719709E+05  0.633794E-19 -0.437794E-23
  0.736473E+05  0.565242E-19 -0.381554E-23
  0.753628E+05  0.504104E-19 -0.332539E-23
  0.771182E+05  0.449579E-19 -0.289820E-23
  0.789145E+05  0.400952E-19 -0.252589E-23
  0.807527E+05  0.357584E-19 -0.220140E-23
  0.826337E+05  0.318907E-19 -0.191861E-23
  0.845584E+05  0.284413E-19 -0.167214E-23
  0.865281E+05  0.253651E-19 -0.145733E-23
  0.885436E+05  0.226215E-19 -0.127012E-23
  0.906060E+05  0.201747E-19 -0.110695E-23
  0.927165E+05  0.179926E-19 -0.964751E-24
  0.948761E+05  0.160465E-19 -0.840817E-24
  0.970861E+05  0.143109E-19 -0.732803E-24
  0.993475E+05  0.127630E-19 -0.638665E-24
  0.101662E+06  0.113825E-19 -0.556620E-24
  0.104030E+06  0.101513E-19 -0.485115E-24
  0.106453E+06  0.905335E-20 -0.422796E-24
